Date,Open,High,Low,Close,Volume,Change
2013-07-01,2900,2900,2465,2465,27500,
2013-07-02,2100,2100,2100,2100,7000,-0.14807302231237318
2013-07-03,1785,1785,1785,1785,30300,-0.15000000000000002
2013-07-04,1785,1785,1785,1785,7600,0.0
2013-07-05,0,0,0,1610,0,-0.0980392156862745
2013-07-08,1850,1850,1850,1850,100,0.14906832298136652
2013-07-09,1850,1850,1850,1850,1200,0.0
2013-07-10,2100,2100,2100,2100,2000,0.1351351351351351
2013-07-11,2100,2100,2100,2100,3300,0.0
2013-07-12,2000,2100,2000,2100,14700,0.0
2013-07-15,2200,2200,2000,2195,34000,0.0452380952380953
2013-07-16,2240,2240,2000,2200,20100,0.002277904328018332
2013-07-17,2115,2300,1880,2300,31500,0.045454545454545414
2013-07-18,2400,2640,2400,2415,8900,0.050000000000000044
2013-07-19,2650,2650,2645,2645,2100,0.09523809523809534
2013-07-22,2650,2650,2500,2500,10000,-0.05482041587901698
2013-07-23,2500,2500,2500,2500,15900,0.0
2013-07-24,2500,2500,2500,2500,2000,0.0
2013-07-25,2500,2500,2500,2500,5000,0.0
2013-07-26,0,0,0,2340,0,-0.06399999999999995
2013-07-29,0,0,0,2190,0,-0.0641025641025641
2013-07-30,2450,2450,2350,2350,10000,0.0730593607305936
2013-07-31,2300,2450,2300,2300,10000,-0.021276595744680882
2013-08-01,2170,2300,2170,2300,2100,0.0
2013-08-02,2350,2350,2350,2350,3700,0.021739130434782705
2013-08-05,2400,2400,2400,2400,4200,0.02127659574468077
2013-08-06,0,0,0,2300,0,-0.04166666666666663
2013-08-07,2300,2350,2200,2200,21600,-0.04347826086956519
2013-08-08,2200,2400,2180,2200,20000,0.0
2013-08-09,2190,2190,2180,2180,20000,-0.009090909090909038
2013-08-12,2300,2300,2200,2200,10200,0.00917431192660545
2013-08-13,2190,2190,2180,2180,5000,-0.009090909090909038
2013-08-14,2200,2200,2200,2200,20000,0.00917431192660545
2013-08-16,2300,2300,2300,2300,10100,0.045454545454545414
2013-08-19,0,0,0,2300,0,0.0
2013-08-20,2200,2200,2200,2200,35700,-0.04347826086956519
2013-08-21,0,0,0,2200,0,0.0
2013-08-22,2200,2200,2200,2200,20500,0.0
2013-08-23,2200,2200,2200,2200,2500,0.0
2013-08-26,2200,2200,2200,2200,1000,0.0
2013-08-27,2200,2200,2200,2200,4000,0.0
2013-08-28,2340,2340,2340,2340,100,0.06363636363636371
2013-08-29,2220,2220,2220,2220,2400,-0.05128205128205132
2013-08-30,2200,2200,2200,2200,2000,-0.009009009009009028
2013-09-02,2200,2200,2200,2200,1000,0.0
2013-09-03,2200,2200,2200,2200,1000,0.0
2013-09-04,2450,2450,2450,2450,100,0.11363636363636354
2013-09-05,2200,2200,2200,2200,2000,-0.10204081632653061
2013-09-06,0,0,0,2200,0,0.0
2013-09-09,0,0,0,2310,0,0.050000000000000044
2013-09-10,0,0,0,2300,0,-0.0043290043290042934
2013-09-11,0,0,0,2200,0,-0.04347826086956519
2013-09-12,2200,2390,2200,2390,2900,0.08636363636363642
2013-09-13,2200,2200,2200,2200,1000,-0.07949790794979084
2013-09-16,0,0,0,2200,0,0.0
2013-09-17,2200,2200,2200,2200,1000,0.0
2013-09-23,2450,2450,2450,2450,500,0.11363636363636354
2013-09-24,2375,2375,2375,2375,500,-0.030612244897959218
2013-09-25,0,0,0,2375,0,0.0
2013-09-26,0,0,0,2375,0,0.0
2013-09-27,0,0,0,2375,0,0.0
2013-09-30,0,0,0,2200,0,-0.0736842105263158
2013-10-01,0,0,0,2200,0,0.0
2013-10-02,2200,2200,2200,2200,20000,0.0
2013-10-04,2200,2200,2200,2200,2000,0.0
2013-10-07,0,0,0,2200,0,0.0
2013-10-08,0,0,0,2200,0,0.0
2013-10-10,2200,2200,2200,2200,2900,0.0
2013-10-11,2200,2200,2200,2200,2000,0.0
2013-10-14,2200,2200,2200,2200,4500,0.0
2013-10-15,0,0,0,2200,0,0.0
2013-10-16,0,0,0,2200,0,0.0
2013-10-17,0,0,0,2210,0,0.00454545454545463
2013-10-18,2400,2400,2400,2400,500,0.08597285067873295
2013-10-21,0,0,0,2300,0,-0.04166666666666663
2013-10-22,2200,2200,2200,2200,4000,-0.04347826086956519
2013-10-23,2200,2200,2200,2200,3400,0.0
2013-10-24,2200,2200,2200,2200,500,0.0
2013-10-25,2200,2200,2200,2200,100,0.0
2013-10-28,2100,2100,2100,2100,500,-0.045454545454545414
2013-10-29,0,0,0,2100,0,0.0
2013-10-30,0,0,0,2100,0,0.0
2013-10-31,2200,2200,2200,2200,500,0.04761904761904767
2013-11-01,0,0,0,2195,0,-0.002272727272727315
2013-11-04,0,0,0,2100,0,-0.0432801822323462
2013-11-05,0,0,0,2100,0,0.0
2013-11-06,0,0,0,2095,0,-0.0023809523809523725
2013-11-07,2000,2000,2000,2000,1000,-0.04534606205250602
2013-11-08,0,0,0,2000,0,0.0
2013-11-11,2000,2000,2000,2000,1000,0.0
2013-11-12,1900,1900,1900,1900,4000,-0.050000000000000044
2013-11-13,0,0,0,2010,0,0.05789473684210522
2013-11-14,0,0,0,2100,0,0.04477611940298498
2013-11-15,2100,2100,2090,2090,10000,-0.004761904761904745
2013-11-18,2090,2090,2090,2090,10000,0.0
2013-11-19,2090,2090,2090,2090,3000,0.0
2013-11-20,2090,2090,2090,2090,1600,0.0
2013-11-21,2200,2200,2080,2080,5800,-0.004784688995215336
2013-11-22,2080,2080,2080,2080,500,0.0
2013-11-25,0,0,0,2080,0,0.0
2013-11-26,0,0,0,2080,0,0.0
2013-11-27,0,0,0,2080,0,0.0
2013-11-28,2070,2070,2070,2070,5000,-0.004807692307692291
2013-11-29,0,0,0,2070,0,0.0
2013-12-02,0,0,0,2070,0,0.0
2013-12-03,0,0,0,2070,0,0.0
2013-12-04,0,0,0,2070,0,0.0
2013-12-05,0,0,0,1810,0,-0.12560386473429952
2013-12-06,2000,2000,2000,2000,700,0.1049723756906078
2013-12-09,2000,2000,2000,2000,1000,0.0
2013-12-10,0,0,0,1760,0,-0.12
2013-12-11,1500,1500,1500,1500,700,-0.1477272727272727
2013-12-12,0,0,0,1345,0,-0.10333333333333339
2013-12-13,1210,1500,1210,1500,1100,0.11524163568773238
2013-12-16,0,0,0,1650,0,0.10000000000000009
2013-12-17,0,0,0,1750,0,0.06060606060606055
2013-12-18,0,0,0,1750,0,0.0
2013-12-19,0,0,0,1750,0,0.0
2013-12-20,0,0,0,1750,0,0.0
2013-12-23,1740,1740,1740,1740,4000,-0.005714285714285672
2013-12-24,1730,1730,1730,1730,4000,-0.005747126436781658
2013-12-26,1720,1800,1720,1800,73700,0.040462427745664664
2013-12-27,0,0,0,1790,0,-0.005555555555555536
2013-12-30,0,0,0,1780,0,-0.005586592178770999
2014-01-02,0,0,0,1770,0,-0.005617977528089901
2014-01-03,0,0,0,1800,0,0.016949152542372836
2014-01-06,1790,2070,1790,2070,4100,0.1499999999999999
2014-01-07,2380,2380,2380,2380,10000,0.1497584541062802
2014-01-08,0,0,0,2330,0,-0.021008403361344574
2014-01-09,0,0,0,2200,0,-0.05579399141630903
2014-01-10,0,0,0,2180,0,-0.009090909090909038
2014-01-13,0,0,0,2160,0,-0.00917431192660545
2014-01-14,0,0,0,2140,0,-0.0092592592592593
2014-01-15,0,0,0,2120,0,-0.009345794392523366
2014-01-16,0,0,0,2000,0,-0.05660377358490565
2014-01-17,0,0,0,1990,0,-0.0050000000000000044
2014-01-20,1800,1950,1800,1950,2100,-0.02010050251256279
2014-01-21,0,0,0,1900,0,-0.02564102564102566
2014-01-22,0,0,0,1890,0,-0.0052631578947368585
2014-01-23,0,0,0,1880,0,-0.005291005291005346
2014-01-24,0,0,0,1880,0,0.0
2014-01-27,0,0,0,1880,0,0.0
2014-01-28,0,0,0,1880,0,0.0
2014-01-29,0,0,0,1880,0,0.0
2014-02-03,0,0,0,1880,0,0.0
2014-02-04,0,0,0,1880,0,0.0
2014-02-05,0,0,0,1880,0,0.0
2014-02-06,0,0,0,1850,0,-0.015957446808510634
2014-02-07,0,0,0,1850,0,0.0
2014-02-10,0,0,0,1850,0,0.0
2014-02-11,1900,1900,1800,1800,4000,-0.027027027027026973
2014-02-12,0,0,0,1800,0,0.0
2014-02-13,0,0,0,1800,0,0.0
2014-02-14,0,0,0,1800,0,0.0
2014-02-17,0,0,0,1800,0,0.0
2014-02-18,0,0,0,1800,0,0.0
2014-02-19,0,0,0,1800,0,0.0
2014-02-20,0,0,0,1800,0,0.0
2014-02-21,0,0,0,1800,0,0.0
2014-02-24,0,0,0,1800,0,0.0
2014-02-25,0,0,0,1800,0,0.0
2014-02-26,0,0,0,1800,0,0.0
2014-02-27,0,0,0,1800,0,0.0
2014-02-28,0,0,0,1800,0,0.0
2014-03-03,0,0,0,1800,0,0.0
2014-03-04,0,0,0,1800,0,0.0
2014-03-05,0,0,0,1800,0,0.0
2014-03-06,0,0,0,1800,0,0.0
2014-03-07,0,0,0,1800,0,0.0
2014-03-10,0,0,0,1800,0,0.0
2014-03-11,0,0,0,1800,0,0.0
2014-03-12,0,0,0,1800,0,0.0
2014-03-13,0,0,0,1800,0,0.0
2014-03-14,0,0,0,1800,0,0.0
2014-03-17,0,0,0,1800,0,0.0
2014-03-18,2000,2000,2000,2000,100,0.11111111111111116
2014-03-19,0,0,0,2000,0,0.0
2014-03-20,0,0,0,2000,0,0.0
2014-03-21,0,0,0,2000,0,0.0
2014-03-24,1700,1700,1700,1700,700,-0.15000000000000002
2014-03-25,0,0,0,1510,0,-0.11176470588235299
2014-03-26,0,0,0,1510,0,0.0
2014-03-27,0,0,0,1510,0,0.0
2014-03-28,0,0,0,1510,0,0.0
2014-03-31,0,0,0,1510,0,0.0
2014-04-01,0,0,0,1510,0,0.0
2014-04-02,0,0,0,1510,0,0.0
2014-04-03,1500,1500,1500,1500,200,-0.0066225165562914245
2014-04-04,1530,1530,1530,1530,700,0.020000000000000018
2014-04-07,0,0,0,1530,0,0.0
2014-04-08,0,0,0,1530,0,0.0
2014-04-09,0,0,0,1530,0,0.0
2014-04-10,0,0,0,1530,0,0.0
2014-04-11,0,0,0,1530,0,0.0
2014-04-14,0,0,0,1530,0,0.0
2014-04-15,0,0,0,1530,0,0.0
2014-04-16,0,0,0,1530,0,0.0
2014-04-17,1750,1750,1750,1750,100,0.14379084967320255
2014-04-18,0,0,0,1750,0,0.0
2014-04-21,0,0,0,1750,0,0.0
2014-04-22,0,0,0,1750,0,0.0
2014-04-23,0,0,0,1750,0,0.0
2014-04-24,0,0,0,1750,0,0.0
2014-04-25,1950,1950,1950,1950,100,0.11428571428571432
2014-04-28,0,0,0,1900,0,-0.02564102564102566
2014-04-29,1615,1615,1615,1615,700,-0.15000000000000002
2014-04-30,1705,1705,1705,1705,100,0.05572755417956654
2014-05-02,1850,1850,1850,1850,100,0.08504398826979465
2014-05-07,1695,1695,1695,1695,600,-0.08378378378378382
2014-05-08,0,0,0,1695,0,0.0
2014-05-09,0,0,0,1695,0,0.0
2014-05-12,1445,1445,1445,1445,700,-0.14749262536873153
2014-05-13,1430,1430,1430,1430,2500,-0.01038062283737029
2014-05-14,0,0,0,1430,0,0.0
2014-05-15,1220,1220,1220,1220,900,-0.14685314685314688
2014-05-16,1115,1115,1115,1115,900,-0.08606557377049184
2014-05-19,0,0,0,1250,0,0.12107623318385641
2014-05-20,1430,1430,1430,1430,100,0.1439999999999999
2014-05-21,1400,1400,1400,1400,100,-0.020979020979020935
2014-05-22,0,0,0,1400,0,0.0
2014-05-23,1500,1500,1500,1500,100,0.0714285714285714
2014-05-26,1700,1700,1700,1700,100,0.1333333333333333
2014-05-27,0,0,0,1700,0,0.0
2014-05-28,0,0,0,1700,0,0.0
2014-05-29,0,0,0,1650,0,-0.02941176470588236
2014-05-30,0,0,0,1650,0,0.0
2014-06-02,0,0,0,1650,0,0.0
2014-06-03,0,0,0,1650,0,0.0
2014-06-05,0,0,0,1650,0,0.0
2014-06-09,0,0,0,1650,0,0.0
2014-06-10,1405,1405,1405,1405,800,-0.14848484848484844
2014-06-11,1200,1200,1200,1200,11600,-0.14590747330960852
2014-06-12,0,0,0,1200,0,0.0
2014-06-13,1250,1250,1250,1250,100,0.04166666666666674
2014-06-16,1200,1200,1200,1200,1300,-0.040000000000000036
2014-06-17,1300,1300,1300,1300,10100,0.08333333333333326
2014-06-18,0,0,0,1300,0,0.0
2014-06-19,1110,1400,1110,1400,3300,0.07692307692307687
2014-06-20,1450,1450,1450,1450,100,0.03571428571428581
2014-06-23,1300,1300,1300,1300,0,-0.10344827586206895
2014-06-24,1485,1485,1485,1485,100,0.14230769230769225
2014-06-25,1500,1500,1500,1500,100,0.010101010101010166
2014-06-26,1325,1325,1325,1325,800,-0.1166666666666667
2014-06-27,1250,1250,1250,1250,500,-0.05660377358490565
2014-06-30,1200,1200,1100,1100,2200,-0.12
2014-07-01,1265,1265,1100,1265,13800,0.1499999999999999
2014-07-02,1340,1340,1340,1340,100,0.059288537549407216
2014-07-03,1230,1300,1145,1300,2200,-0.02985074626865669
2014-07-04,1110,1110,1110,1110,100,-0.1461538461538462
2014-07-07,1245,1245,1245,1245,100,0.12162162162162171
2014-07-08,1330,1330,1330,1330,200,0.06827309236947787
2014-07-09,1275,1275,1275,1275,0,-0.041353383458646586
2014-07-10,1100,1250,1100,1250,3100,-0.019607843137254943
2014-07-11,1155,1155,1155,1155,1000,-0.07599999999999996
2014-07-14,1200,1200,1200,1200,500,0.03896103896103886
2014-07-15,1160,1160,1160,1160,100,-0.033333333333333326
2014-07-16,1200,1200,1200,1200,100,0.034482758620689724
2014-07-17,1220,1220,1220,1220,100,0.016666666666666607
2014-07-18,1200,1290,1200,1290,600,0.05737704918032782
2014-07-21,1290,1290,1290,1290,1000,0.0
2014-07-22,1260,1260,1260,1260,100,-0.023255813953488413
2014-07-23,1200,1260,1200,1260,1400,0.0
2014-07-24,1260,1445,1260,1445,8000,0.14682539682539675
2014-07-25,1590,1590,1260,1590,1200,0.10034602076124566
2014-07-28,1355,1355,1355,1355,100,-0.14779874213836475
2014-07-29,1495,1495,1495,1495,100,0.10332103321033204
2014-07-30,1595,1595,1595,1595,200,0.06688963210702337
2014-07-31,1500,1500,1500,1500,1000,-0.059561128526645746
2014-08-01,1500,1500,1500,1500,0,0.0
2014-08-04,1695,1695,1695,1695,100,0.1299999999999999
2014-08-05,1690,1690,1690,1690,0,-0.002949852507374673
2014-08-06,1440,1440,1440,1440,500,-0.14792899408284022
2014-08-07,1440,1440,1440,1440,0,0.0
2014-08-08,1255,1255,1255,1255,100,-0.1284722222222222
2014-08-11,1255,1255,1255,1255,0,0.0
2014-08-12,1100,1100,1100,1100,100,-0.12350597609561753
2014-08-13,1100,1180,1100,1170,2400,0.06363636363636371
2014-08-14,1160,1345,1160,1345,200,0.14957264957264949
2014-08-18,1380,1380,1380,1380,0,0.026022304832713727
2014-08-19,1545,1545,1545,1545,100,0.11956521739130443
2014-08-20,1645,1645,1645,1645,100,0.06472491909385103
2014-08-21,1890,1890,1890,1890,100,0.14893617021276606
2014-08-22,1890,1890,1890,1890,100,0.0
2014-08-25,1800,1800,1800,1800,600,-0.04761904761904767
2014-08-26,1700,1700,1700,1700,600,-0.05555555555555558
2014-08-27,1890,1890,1460,1460,200,-0.14117647058823535
2014-08-28,1310,1310,1310,1310,500,-0.10273972602739723
2014-08-29,1160,1160,1160,1160,1200,-0.1145038167938931
2014-09-01,1160,1160,1160,1160,100,0.0
2014-09-02,1165,1165,1165,1165,0,0.004310344827586299
2014-09-03,1230,1230,1230,1230,900,0.05579399141630903
2014-09-04,1330,1330,1330,1330,0,0.08130081300813008
2014-09-05,1525,1525,1525,1525,100,0.14661654135338353
2014-09-11,1360,1690,1360,1690,200,0.1081967213114754
2014-09-12,1640,1640,1640,1640,700,-0.029585798816568087
2014-09-15,1560,1560,1560,1560,700,-0.04878048780487809
2014-09-16,1360,1360,1360,1360,100,-0.1282051282051282
2014-09-17,1200,1260,1200,1260,200,-0.07352941176470584
2014-09-18,1200,1200,1200,1200,100,-0.04761904761904767
2014-09-19,1260,1260,1260,1260,200,0.050000000000000044
2014-09-22,1260,1260,1260,1260,100,0.0
2014-09-23,1260,1260,1260,1260,0,0.0
2014-09-24,1360,1360,1360,1360,3200,0.0793650793650793
2014-09-25,1360,1360,1360,1360,100,0.0
2014-09-26,1210,1210,1210,1210,100,-0.11029411764705888
2014-09-29,1210,1210,1210,1210,100,0.0
2014-09-30,1210,1300,1210,1300,200,0.07438016528925617
2014-10-01,1300,1300,1300,1300,100,0.0
2014-10-02,1300,1495,1300,1495,600,0.1499999999999999
2014-10-06,1360,1360,1360,1360,100,-0.09030100334448166
2014-10-07,1550,1550,1550,1550,100,0.13970588235294112
2014-10-08,1690,1690,1500,1500,1100,-0.032258064516129004
2014-10-10,1630,1630,1630,1630,100,0.08666666666666667
2014-10-13,1600,1600,1600,1600,100,-0.018404907975460127
2014-10-14,1600,1600,1600,1600,100,0.0
2014-10-15,1600,1600,1600,1600,100,0.0
2014-10-16,1600,1600,1600,1600,100,0.0
2014-10-17,1600,1600,1600,1600,100,0.0
2014-10-20,1600,1600,1600,1600,2900,0.0
2014-10-21,1680,1680,1680,1680,100,0.050000000000000044
2014-10-22,1680,1680,1680,1680,0,0.0
2014-10-23,1680,1680,1680,1680,1400,0.0
2014-10-24,1700,1700,1700,1700,2000,0.011904761904761862
2014-10-27,1790,1795,1550,1795,800,0.055882352941176494
2014-10-28,1795,1795,1795,1795,3000,0.0
2014-10-29,1890,1890,1890,1890,100,0.052924791086351064
2014-10-30,1610,1610,1610,1610,11000,-0.14814814814814814
2014-10-31,1610,1610,1540,1540,84000,-0.04347826086956519
2014-11-03,1540,1540,1540,1540,0,0.0
2014-11-04,1600,1600,1600,1600,2400,0.03896103896103886
2014-11-05,1840,1840,1600,1600,4100,0.0
2014-11-06,1600,1600,1600,1600,0,0.0
2014-11-07,1600,1600,1600,1600,3000,0.0
2014-11-10,1600,1600,1600,1600,0,0.0
2014-11-11,1600,1600,1580,1580,43500,-0.012499999999999956
2014-11-12,1580,1580,1580,1580,7900,0.0
2014-11-13,1580,1580,1580,1580,0,0.0
2014-11-14,1580,1580,1580,1580,0,0.0
2014-11-17,1580,1580,1580,1580,0,0.0
2014-11-18,1580,1580,1580,1580,0,0.0
2014-11-19,1600,1600,1600,1600,0,0.012658227848101333
2014-11-20,1660,1660,1660,1660,0,0.03750000000000009
2014-11-21,1670,1670,1670,1670,0,0.006024096385542244
2014-11-24,1670,1670,1670,1670,0,0.0
2014-11-25,1680,1680,1680,1680,0,0.0059880239520957446
2014-11-26,1680,1680,1680,1680,0,0.0
2014-11-27,1680,1680,1680,1680,0,0.0
2014-11-28,1680,1930,1680,1930,1010,0.14880952380952372
2014-12-01,1645,1645,1645,1645,15,-0.1476683937823834
2014-12-02,1645,1645,1645,1645,0,0.0
2014-12-03,1645,1645,1645,1645,15,0.0
2014-12-04,1645,1645,1645,1645,0,0.0
2014-12-05,1645,1645,1645,1645,0,0.0
2014-12-08,1800,1800,1800,1800,16940,0.09422492401215798
2014-12-09,1800,1800,1800,1800,0,0.0
2014-12-10,1800,1800,1800,1800,0,0.0
2014-12-11,1850,1850,1850,1850,5000,0.02777777777777768
2014-12-12,1850,1850,1850,1850,0,0.0
2014-12-15,1850,1850,1850,1850,0,0.0
2014-12-16,1850,1850,1850,1850,23300,0.0
2014-12-17,1850,1850,1850,1850,1000,0.0
2014-12-18,1850,1850,1850,1850,100,0.0
2014-12-19,1850,1850,1850,1850,10030,0.0
2014-12-22,1850,1850,1850,1850,5000,0.0
2014-12-23,1850,1850,1850,1850,0,0.0
2014-12-24,1850,1850,1850,1850,0,0.0
2014-12-26,1850,1850,1850,1850,6100,0.0
2014-12-29,1850,1850,1850,1850,0,0.0
2014-12-30,1850,1850,1850,1850,0,0.0
2015-01-02,1850,1850,1850,1850,0,0.0
2015-01-05,1850,1850,1850,1850,0,0.0
2015-01-06,1850,1850,1850,1850,0,0.0
2015-01-07,1850,1850,1850,1850,0,0.0
2015-01-08,1850,1850,1850,1850,0,0.0
2015-01-09,1850,1850,1850,1850,12000,0.0
2015-01-12,1850,1850,1850,1850,0,0.0
2015-01-13,1850,1850,1850,1850,0,0.0
2015-01-14,1850,1850,1850,1850,0,0.0
2015-01-15,1850,1850,1850,1850,0,0.0
2015-01-16,1850,1850,1850,1850,0,0.0
2015-01-19,1850,1850,1850,1850,0,0.0
2015-01-20,1850,1850,1850,1850,0,0.0
2015-01-21,1850,1850,1850,1850,0,0.0
2015-01-22,1850,1850,1850,1850,0,0.0
2015-01-23,1850,1850,1850,1850,0,0.0
2015-01-26,1850,1850,1850,1850,10,0.0
2015-01-27,1850,1850,1850,1850,200,0.0
2015-01-28,1850,1850,1850,1850,0,0.0
2015-01-29,1580,1580,1580,1580,1,-0.1459459459459459
2015-01-30,1580,1580,1580,1580,0,0.0
2015-02-02,1580,1580,1580,1580,0,0.0
2015-02-03,1580,1580,1580,1580,0,0.0
2015-02-04,1810,1810,1810,1810,1,0.14556962025316467
2015-02-05,1690,1690,1540,1540,7000,-0.149171270718232
2015-02-06,1540,1540,1540,1540,0,0.0
2015-02-09,1540,1540,1540,1540,0,0.0
2015-02-10,1540,1540,1540,1540,0,0.0
2015-02-11,1540,1540,1540,1540,0,0.0
2015-02-12,1540,1540,1540,1540,0,0.0
2015-02-13,1315,1315,1315,1315,0,-0.14610389610389607
2015-02-16,1315,1315,1315,1315,0,0.0
2015-02-17,1315,1315,1315,1315,0,0.0
2015-02-23,1315,1315,1315,1315,0,0.0
2015-02-24,1315,1315,1315,1315,0,0.0
2015-02-25,1500,1500,1500,1500,2990,0.14068441064638781
2015-02-26,1275,1275,1275,1275,1,-0.15000000000000002
2015-02-27,1465,1465,1200,1200,2,-0.05882352941176472
2015-03-02,1380,1380,1380,1380,1,0.1499999999999999
2015-03-03,1585,1585,1585,1585,5000,0.14855072463768115
2015-03-04,1585,1585,1585,1585,0,0.0
2015-03-05,1820,1820,1820,1820,1,0.1482649842271293
2015-03-06,1820,1820,1820,1820,0,0.0
2015-03-09,2085,2085,1995,1995,101,0.09615384615384626
2015-03-10,2000,2000,2000,2000,1,0.0025062656641603454
2015-03-11,2295,2295,2090,2090,101,0.04499999999999993
2015-03-12,2200,2200,2200,2200,1,0.05263157894736836
2015-03-13,1870,2095,1870,2095,601,-0.04772727272727273
2015-03-16,2300,2300,1785,2200,103,0.05011933174224348
2015-03-17,1875,1875,1875,1875,100,-0.1477272727272727
2015-03-18,2100,2100,1690,2100,137,0.1200000000000001
2015-03-19,1785,2100,1785,2100,502,0.0
2015-03-20,2100,2100,2100,2100,1,0.0
2015-03-23,2000,2000,2000,2000,0,-0.04761904761904767
2015-03-24,2000,2000,2000,2000,0,0.0
2015-03-25,1900,2000,1900,2000,998,0.0
2015-03-26,2295,2295,2295,2295,5,0.14749999999999996
2015-03-27,2635,2635,1955,1955,6038,-0.14814814814814814
2015-03-30,2240,2240,1960,2200,37,0.1253196930946292
2015-03-31,2100,2100,2100,2100,5,-0.045454545454545414
2015-04-01,2200,2200,2200,2200,2,0.04761904761904767
2015-04-02,2500,2500,2500,2500,10,0.13636363636363646
2015-04-03,2500,2500,2500,2500,1,0.0
2015-04-06,2125,2500,2125,2500,1006,0.0
2015-04-07,2125,2400,2125,2400,8001,-0.040000000000000036
2015-04-08,2040,2380,2040,2380,8002,-0.008333333333333304
2015-04-09,2025,2025,2025,2025,5060,-0.14915966386554624
2015-04-10,2100,2100,2100,2100,1,0.03703703703703698
2015-04-13,2100,2100,2100,2100,0,0.0
2015-04-14,2200,2200,2200,2200,1,0.04761904761904767
2015-04-15,2530,2530,2530,2530,5,0.1499999999999999
2015-04-16,2155,2250,2155,2250,510,-0.11067193675889331
2015-04-17,2585,2585,2585,2585,5,0.14888888888888885
2015-04-20,2200,2330,2200,2330,505,-0.09864603481624756
2015-04-21,2095,2095,2095,2095,643,-0.10085836909871249
2015-04-22,2090,2090,2090,2090,0,-0.0023866348448687846
2015-04-23,2400,2400,1860,1860,15,-0.11004784688995217
2015-04-24,1585,2135,1585,2135,14831,0.1478494623655915
2015-04-27,2450,2450,2450,2450,2,0.14754098360655732
2015-04-28,2085,2200,2085,2200,505,-0.10204081632653061
2015-04-29,2085,2200,2000,2200,3502,0.0
2015-04-30,1870,2520,1870,2520,2,0.1454545454545455
2015-05-04,2150,2150,2150,2150,5,-0.14682539682539686
2015-05-06,2010,2010,2010,2010,1,-0.06511627906976747
2015-05-07,1710,2055,1710,2055,5828,0.02238805970149249
2015-05-08,2055,2055,2055,2055,999,0.0
2015-05-11,2055,2055,2055,2055,1950,0.0
2015-05-12,1750,2200,1750,2200,2,0.07055961070559613
2015-05-13,2200,2200,2200,2200,0,0.0
2015-05-14,2200,2200,2200,2200,0,0.0
2015-05-15,2200,2200,2200,2200,0,0.0
2015-05-18,2200,2200,2200,2200,0,0.0
2015-05-19,2200,2200,2200,2200,0,0.0
2015-05-20,2200,2200,2200,2200,0,0.0
2015-05-21,2100,2100,2100,2100,0,-0.045454545454545414
2015-05-22,2100,2100,2100,2100,0,0.0
2015-05-26,2100,2100,2100,2100,0,0.0
2015-05-27,2100,2100,2100,2100,0,0.0
2015-05-28,1785,2100,1785,1900,999,-0.09523809523809523
2015-05-29,1910,1910,1910,1910,500,0.0052631578947368585
2015-06-01,1970,1970,1970,1970,0,0.03141361256544495
2015-06-02,1980,1980,1980,1980,0,0.0050761421319796
2015-06-03,2000,2000,2000,2000,0,0.010101010101010166
2015-06-04,2000,2000,2000,2000,1000,0.0
2015-06-05,2200,2200,2200,2200,549,0.10000000000000009
2015-06-08,2200,2200,2200,2200,0,0.0
2015-06-09,1870,2400,1870,2400,15,0.09090909090909083
2015-06-10,2400,2400,2400,2400,6000,0.0
2015-06-11,2400,2400,2400,2400,0,0.0
2015-06-12,2395,2395,2395,2395,0,-0.002083333333333326
2015-06-15,2390,2390,2390,2390,0,-0.0020876826722338038
2015-06-16,2300,2300,2300,2300,0,-0.03765690376569042
2015-06-17,2040,2040,2040,2040,1000,-0.11304347826086958
2015-06-18,2040,2040,2040,2040,0,0.0
2015-06-19,2040,2040,2040,2040,0,0.0
2015-06-22,2040,2040,2040,2040,0,0.0
2015-06-23,2040,2040,2040,2040,0,0.0
2015-06-24,2040,2040,2040,2040,0,0.0
2015-06-25,2345,2345,2345,2345,5000,0.14950980392156854
2015-06-26,2450,2500,2450,2500,4300,0.06609808102345416
2015-06-29,2500,2500,2500,2500,0,0.0
2015-06-30,2500,2500,2125,2125,30,-0.15000000000000002
2015-07-01,2440,2440,2440,2440,1661,0.14823529411764702
2015-07-02,2500,2800,2500,2750,23114,0.12704918032786883
2015-07-03,2500,2515,2500,2515,2,-0.08545454545454545
2015-07-06,2515,2515,2515,2515,0,0.0
2015-07-07,2890,2890,2515,2890,5350,0.14910536779324057
2015-07-08,3200,3320,3000,3000,18497,0.03806228373702414
2015-07-09,2550,2700,2550,2700,1000,-0.09999999999999998
2015-07-10,3000,3100,3000,3100,2100,0.14814814814814814
2015-07-13,3100,3100,3100,3100,1000,0.0
2015-07-14,3100,3100,3100,3100,300,0.0
2015-07-15,3100,3100,3100,3100,1000,0.0
2015-07-16,3100,3100,3100,3100,1000,0.0
2015-07-17,3100,3100,3100,3100,700,0.0
2015-07-20,3100,3100,3100,3100,0,0.0
2015-07-21,3400,3565,3400,3550,10300,0.14516129032258074
2015-07-22,3700,3700,3695,3700,7300,0.04225352112676051
2015-07-23,3695,3695,3695,3695,300,-0.0013513513513513375
2015-07-24,3650,3650,3650,3650,300,-0.012178619756427644
2015-07-27,3650,3650,3650,3650,340,0.0
2015-07-28,3600,3600,3105,3105,382,-0.14931506849315068
2015-07-29,3200,3400,3200,3400,6302,0.09500805152979064
2015-07-30,3550,3550,3550,3550,160,0.044117647058823595
2015-07-31,3545,3545,3545,3545,0,-0.0014084507042253502
2015-08-03,3500,3500,3500,3500,500,-0.012693935119887145
2015-08-04,3500,3500,3500,3500,0,0.0
2015-08-05,3500,3500,3500,3500,0,0.0
2015-08-06,3500,3500,3500,3500,0,0.0
2015-08-07,3500,3500,3500,3500,0,0.0
2015-08-10,3500,3500,3500,3500,0,0.0
2015-08-11,3500,3505,3500,3500,13241,0.0
2015-08-12,3505,3550,3500,3500,40187,0.0
2015-08-13,3700,3700,3700,3700,8000,0.05714285714285716
2015-08-17,3700,3700,3700,3700,3900,0.0
2015-08-18,3895,3895,3500,3500,59,-0.05405405405405406
2015-08-19,3500,3500,3500,3500,40,0.0
2015-08-20,3500,3500,3500,3500,22755,0.0
2015-08-21,3500,3500,3300,3500,69346,0.0
2015-08-24,3500,3500,3000,3500,8000,0.0
2015-08-25,3400,3500,3400,3500,12100,0.0
2015-08-26,3650,3650,3650,3650,1,0.04285714285714293
2015-08-27,3500,3650,3500,3650,2700,0.0
2015-08-28,3650,3650,3650,3650,3000,0.0
2015-08-31,3305,3305,3305,3305,2400,-0.09452054794520548
2015-09-01,3500,3700,3310,3320,5370,0.004538577912254205
2015-09-02,3100,3600,3100,3600,8281,0.0843373493975903
2015-09-03,3600,3600,3600,3600,0,0.0
2015-09-04,3600,3600,3600,3600,940,0.0
2015-09-07,3600,3600,3600,3600,0,0.0
2015-09-08,3600,3600,3600,3600,0,0.0
2015-09-09,3600,3600,3600,3600,0,0.0
2015-09-10,3100,3500,3100,3500,21000,-0.02777777777777779
2015-09-11,3500,3500,3500,3500,0,0.0
2015-09-14,3100,3100,3100,3100,1,-0.11428571428571432
2015-09-15,3200,3200,3200,3200,0,0.032258064516129004
2015-09-16,3200,3200,3200,3200,0,0.0
2015-09-17,3500,3600,3500,3600,2807,0.125
2015-09-18,3600,3600,3600,3600,0,0.0
2015-09-21,3600,3600,3600,3600,0,0.0
2015-09-22,3600,3600,3600,3600,0,0.0
2015-09-23,3600,3600,3600,3600,2150,0.0
2015-09-24,3600,3600,3600,3600,4381,0.0
2015-09-25,3600,3600,3600,3600,0,0.0
2015-09-30,3600,3600,3600,3600,0,0.0
2015-10-01,3115,3115,3115,3115,1,-0.1347222222222222
2015-10-02,3500,3500,3500,3500,704,0.12359550561797761
2015-10-05,3500,3500,3500,3500,0,0.0
2015-10-06,3500,3500,3500,3500,0,0.0
2015-10-07,3500,3500,3500,3500,0,0.0
2015-10-08,3500,3600,3500,3600,3100,0.02857142857142847
2015-10-12,3600,3600,3600,3600,0,0.0
2015-10-13,3600,3700,3600,3700,1500,0.02777777777777768
2015-10-14,3700,3700,3700,3700,2000,0.0
2015-10-15,3600,3600,3600,3600,10,-0.027027027027026973
2015-10-16,3500,3500,3500,3500,300,-0.02777777777777779
2015-10-19,3600,3600,3600,3600,11,0.02857142857142847
2015-10-20,3700,3700,3700,3700,794,0.02777777777777768
2015-10-21,3700,3700,3700,3700,0,0.0
2015-10-22,3700,3700,3700,3700,0,0.0
2015-10-23,3700,3700,3700,3700,0,0.0
2015-10-26,3700,3700,3700,3700,0,0.0
2015-10-27,3700,3700,3700,3700,0,0.0
2015-10-28,3700,3700,3700,3700,0,0.0
2015-10-29,3700,3700,3700,3700,0,0.0
2015-10-30,3700,3700,3700,3700,0,0.0
2015-11-02,3700,3700,3700,3700,0,0.0
2015-11-03,3700,3700,3700,3700,0,0.0
2015-11-04,3700,3700,3700,3700,0,0.0
2015-11-05,3590,3590,3590,3590,10,-0.02972972972972976
2015-11-06,3700,3700,3700,3700,110,0.03064066852367686
2015-11-09,3700,3700,3700,3700,0,0.0
2015-11-10,3700,3700,3700,3700,0,0.0
2015-11-11,3700,3700,3700,3700,0,0.0
2015-11-12,3700,3700,3700,3700,0,0.0
2015-11-13,3700,3700,3700,3700,0,0.0
2015-11-16,3700,3700,3700,3700,0,0.0
2015-11-17,3700,3700,3700,3700,0,0.0
2015-11-18,3595,3595,3595,3595,300,-0.02837837837837842
2015-11-19,3490,3490,3490,3490,300,-0.029207232267037586
2015-11-20,3490,3490,3490,3490,0,0.0
2015-11-23,3700,3700,3700,3700,1,0.06017191977077374
2015-11-24,3700,3700,3650,3650,104,-0.013513513513513487
2015-11-25,3650,3650,3650,3650,0,0.0
2015-11-26,3650,3650,3650,3650,500,0.0
2015-11-27,3650,3650,3650,3650,0,0.0
2015-11-30,3650,3700,3105,3650,5111,0.0
2015-12-01,3650,3650,3650,3650,130,0.0
2015-12-02,3650,3650,3650,3650,100,0.0
2015-12-03,3650,3650,3650,3650,0,0.0
2015-12-04,3650,3650,3650,3650,0,0.0
2015-12-07,3650,3650,3650,3650,0,0.0
2015-12-08,3650,3650,3650,3650,0,0.0
2015-12-09,3700,3700,3700,3700,1000,0.013698630136986356
2015-12-10,3700,3700,3700,3700,0,0.0
2015-12-11,3700,3700,3700,3700,0,0.0
2015-12-14,3700,3700,3700,3700,0,0.0
2015-12-15,3700,3700,3700,3700,0,0.0
2015-12-16,3595,3595,3595,3595,300,-0.02837837837837842
2015-12-17,3490,3490,3490,3490,300,-0.029207232267037586
2015-12-18,3490,3490,3490,3490,1,0.0
2015-12-21,3385,3385,3385,3385,300,-0.03008595988538687
2015-12-22,3290,3485,3290,3485,11,0.02954209748892178
2015-12-23,3380,3380,3380,3380,300,-0.03012912482065999
2015-12-24,3380,3380,3380,3380,0,0.0
2015-12-28,3380,3380,3380,3380,0,0.0
2015-12-29,3380,3380,3380,3380,0,0.0
2015-12-30,3380,3380,3380,3380,0,0.0
2016-01-04,3380,3380,3380,3380,0,0.0
2016-01-05,3285,3285,3285,3285,400,-0.028106508875739622
2016-01-06,3300,3300,3300,3300,1315,0.004566210045662045
2016-01-07,3300,3300,3300,3300,0,0.0
2016-01-08,3205,3205,3205,3205,400,-0.028787878787878807
2016-01-11,3300,3300,3300,3300,90,0.029641185647425905
2016-01-12,3250,3250,3250,3250,0,-0.015151515151515138
2016-01-13,3200,3200,3200,3200,0,-0.01538461538461533
2016-01-14,3200,3200,3200,3200,0,0.0
2016-01-15,3110,3110,3110,3110,400,-0.028124999999999956
2016-01-18,3110,3110,3110,3110,0,0.0
2016-01-19,3110,3110,3110,3110,0,0.0
2016-01-20,3110,3110,3110,3110,0,0.0
2016-01-21,3110,3110,3110,3110,0,0.0
2016-01-22,3110,3110,3110,3110,0,0.0
2016-01-25,3110,3110,3110,3110,0,0.0
2016-01-26,3110,3110,3110,3110,0,0.0
2016-01-27,3110,3110,3110,3110,0,0.0
2016-01-28,3110,3110,3110,3110,0,0.0
2016-01-29,3110,3110,3110,3110,0,0.0
2016-02-01,3110,3110,3110,3110,0,0.0
2016-02-02,3110,3110,3110,3110,0,0.0
2016-02-03,3110,3110,3110,3110,0,0.0
2016-02-04,3110,3110,3110,3110,0,0.0
2016-02-05,3110,3110,3110,3110,0,0.0
2016-02-11,3110,3110,3110,3110,0,0.0
2016-02-12,3020,3020,3020,3020,400,-0.02893890675241162
2016-02-15,3020,3020,3020,3020,0,0.0
2016-02-16,2600,3020,2600,3020,790,0.0
2016-02-17,2935,2935,2935,2935,2,-0.028145695364238388
2016-02-18,2850,2850,2850,2850,2,-0.028960817717206155
2016-02-19,2770,2770,2770,2770,1,-0.028070175438596467
2016-02-22,2770,2770,2770,2770,0,0.0
2016-02-23,2770,2770,2770,2770,0,0.0
2016-02-24,2770,2770,2770,2770,0,0.0
2016-02-25,2770,2770,2770,2770,0,0.0
2016-02-26,2770,2770,2770,2770,95,0.0
2016-02-29,2770,2770,2770,2770,0,0.0
2016-03-02,2770,2770,2770,2770,0,0.0
2016-03-03,2770,2770,2770,2770,0,0.0
2016-03-04,2770,2770,2770,2770,0,0.0
2016-03-07,2770,2770,2770,2770,0,0.0
2016-03-08,2770,2770,2770,2770,0,0.0
2016-03-09,2770,2770,2770,2770,0,0.0
2016-03-10,2770,2770,2770,2770,0,0.0
2016-03-11,2850,2850,2850,2850,390,0.028880866425992746
2016-03-14,2850,2850,2850,2850,0,0.0
2016-03-15,2950,2950,2950,2950,3000,0.03508771929824572
2016-03-16,2560,2960,2560,2960,5000,0.003389830508474523
2016-03-17,3045,3045,3045,3045,400,0.028716216216216228
2016-03-18,3135,3135,3135,3135,400,0.029556650246305383
2016-03-21,3135,3135,3135,3135,0,0.0
2016-03-22,3135,3135,3135,3135,0,0.0
2016-03-23,3220,3220,3220,3220,400,0.027113237639553533
2016-03-24,3220,3220,3220,3220,0,0.0
2016-03-25,3220,3220,3220,3220,0,0.0
2016-03-28,3220,3220,3220,3220,0,0.0
2016-03-29,3220,3220,3220,3220,0,0.0
2016-03-30,3220,3220,3220,3220,0,0.0
2016-03-31,3220,3220,3220,3220,0,0.0
2016-04-01,3220,3220,3220,3220,0,0.0
2016-04-04,3220,3220,3220,3220,0,0.0
2016-04-05,3130,3130,3130,3130,400,-0.02795031055900621
2016-04-06,3130,3130,3130,3130,0,0.0
2016-04-07,3130,3130,3130,3130,0,0.0
2016-04-08,3130,3130,3130,3130,0,0.0
2016-04-11,3130,3130,3130,3130,0,0.0
2016-04-12,3130,3130,3130,3130,0,0.0
2016-04-14,3130,3150,3130,3150,2000,0.006389776357827559
2016-04-15,3150,3150,3150,3150,0,0.0
2016-04-18,3150,3150,3150,3150,0,0.0
2016-04-19,3150,3150,3150,3150,0,0.0
2016-04-20,3055,3055,3055,3055,400,-0.030158730158730163
2016-04-21,3055,3055,3055,3055,0,0.0
2016-04-22,3145,3145,3145,3145,800,0.029459901800327426
2016-04-25,3140,3140,3140,3140,0,-0.0015898251192368873
2016-04-26,3140,3140,3140,3140,1,0.0
2016-04-27,3140,3140,3140,3140,18,0.0
2016-04-28,3140,3140,3140,3140,0,0.0
2016-04-29,3140,3140,3140,3140,0,0.0
2016-05-02,3140,3140,3140,3140,0,0.0
2016-05-03,3140,3140,3140,3140,0,0.0
2016-05-04,3140,3140,3140,3140,0,0.0
2016-05-09,3140,3140,3140,3140,0,0.0
2016-05-10,3225,3225,3225,3225,1000,0.027070063694267565
2016-05-11,3225,3225,3225,3225,0,0.0
2016-05-12,3705,3705,3705,3705,1000,0.14883720930232558
2016-05-13,3150,3150,3150,3150,1,-0.1497975708502024
2016-05-16,3150,3150,3150,3150,0,0.0
2016-05-17,3150,3150,3150,3150,0,0.0
2016-05-18,3150,3150,3150,3150,0,0.0
2016-05-19,3150,3150,3150,3150,0,0.0
2016-05-20,3150,3150,3150,3150,1,0.0
2016-05-23,3055,3055,3055,3055,179,-0.030158730158730163
2016-05-24,3055,3055,3055,3055,0,0.0
2016-05-25,3055,3055,3055,3055,0,0.0
2016-05-26,3055,3055,3055,3055,0,0.0
2016-05-27,3055,3055,3055,3055,0,0.0
2016-05-30,3055,3055,3055,3055,0,0.0
2016-05-31,3150,3150,3150,3150,634,0.03109656301145658
2016-06-01,3150,3150,3150,3150,0,0.0
2016-06-02,3030,3030,3030,3030,200,-0.03809523809523807
2016-06-03,3030,3030,3030,3030,0,0.0
2016-06-07,3030,3030,3030,3030,0,0.0
2016-06-08,3150,3150,3150,3150,1813,0.03960396039603964
2016-06-09,3150,3150,3150,3150,0,0.0
2016-06-10,3150,3150,3150,3150,0,0.0
2016-06-13,3055,3055,3055,3055,400,-0.030158730158730163
2016-06-14,3000,3500,3000,3500,1001,0.1456628477905073
2016-06-15,3100,3500,3100,3500,1010,0.0
2016-06-16,3395,3500,3395,3500,301,0.0
2016-06-17,3500,3500,3500,3500,0,0.0
2016-06-20,3395,3500,3395,3500,301,0.0
2016-06-21,3500,3500,3500,3500,0,0.0
2016-06-22,3500,3500,3500,3500,0,0.0
2016-06-23,3395,3500,3395,3500,301,0.0
2016-06-24,3500,3500,3500,3500,0,0.0
2016-06-27,3395,3395,3395,3395,300,-0.030000000000000027
2016-06-28,3395,3395,3395,3395,0,0.0
2016-06-29,3395,3395,3395,3395,0,0.0
2016-06-30,3395,3395,3395,3395,0,0.0
2016-07-01,3395,3395,3395,3395,0,0.0
2016-07-04,3395,3395,3395,3395,0,0.0
2016-07-05,3300,3495,3300,3495,401,0.02945508100147265
2016-07-06,3495,3495,3495,3495,0,0.0
2016-07-07,3495,3495,3495,3495,0,0.0
2016-07-08,3390,3590,3390,3590,301,0.027181688125894166
2016-07-11,3485,3690,3485,3690,301,0.027855153203342642
2016-07-12,3690,3690,3690,3690,0,0.0
2016-07-13,3690,3690,3690,3690,0,0.0
2016-07-14,3690,3690,3690,3690,0,0.0
2016-07-15,3585,3700,3585,3700,301,0.0027100271002709064
2016-07-18,3595,3700,3595,3700,301,0.0
2016-07-19,3500,3500,3500,3500,10000,-0.05405405405405406
2016-07-20,3500,4000,3500,3510,4986,0.0028571428571428914
2016-07-21,3510,3510,3510,3510,0,0.0
2016-07-22,3510,3510,3500,3500,514,-0.002849002849002802
2016-07-25,3500,3500,3500,3500,16,0.0
2016-07-26,3500,3500,3500,3500,0,0.0
2016-07-27,3550,3550,3540,3540,5000,0.011428571428571344
2016-07-28,3605,3650,3605,3620,5782,0.02259887005649719
2016-07-29,3625,3625,3615,3620,10133,0.0
2016-08-01,3620,3650,3620,3650,5000,0.008287292817679592
2016-08-02,3630,3630,3630,3630,0,-0.005479452054794498
2016-08-03,3630,3630,3630,3630,0,0.0
2016-08-04,3630,3630,3630,3630,0,0.0
2016-08-05,3630,3630,3630,3630,0,0.0
2016-08-08,3630,3630,3630,3630,0,0.0
2016-08-09,3525,3525,3525,3525,100,-0.02892561983471076
2016-08-10,3525,3525,3525,3525,0,0.0
2016-08-11,3525,3525,3525,3525,0,0.0
2016-08-12,3550,3550,3550,3550,250,0.007092198581560183
2016-08-16,3550,3550,3550,3550,0,0.0
2016-08-17,3450,3450,3450,3450,300,-0.028169014084507005
2016-08-18,3450,3450,3450,3450,0,0.0
2016-08-19,3450,3450,3450,3450,0,0.0
2016-08-22,3350,3350,3350,3350,300,-0.02898550724637683
2016-08-23,3350,3350,3350,3350,0,0.0
2016-08-24,3350,3350,3350,3350,0,0.0
2016-08-25,3350,3350,3350,3350,0,0.0
2016-08-26,3350,3350,3350,3350,0,0.0
2016-08-29,3350,3350,3350,3350,8891,0.0
2016-08-30,3490,3490,3490,3490,28,0.04179104477611939
2016-08-31,3500,3600,3495,3590,10297,0.02865329512893977
2016-09-01,3590,3590,3590,3590,0,0.0
2016-09-02,3595,3595,3595,3595,10,0.0013927576601671099
2016-09-05,3595,3595,3595,3595,0,0.0
2016-09-06,3595,3595,3595,3595,0,0.0
2016-09-07,3595,3595,3595,3595,0,0.0
2016-09-08,3595,3595,3595,3595,0,0.0
2016-09-09,3595,3595,3595,3595,0,0.0
2016-09-12,3490,3490,3490,3490,300,-0.029207232267037586
2016-09-13,3385,3585,3385,3585,301,0.027220630372492893
2016-09-19,3585,3585,3585,3585,0,0.0
2016-09-20,3480,3600,3480,3600,301,0.004184100418409997
2016-09-21,3495,3600,3495,3600,301,0.0
2016-09-22,3495,3495,3495,3495,300,-0.029166666666666674
2016-09-23,3390,3450,3390,3450,301,-0.012875536480686733
2016-09-26,2950,3600,2950,3600,601,0.04347826086956519
2016-09-27,3495,3495,3495,3495,300,-0.029166666666666674
2016-09-28,2975,3600,2975,3600,48,0.030042918454935563
2016-09-29,3495,3495,3495,3495,300,-0.029166666666666674
2016-09-30,3390,3390,3390,3390,40,-0.030042918454935674
2016-10-04,3295,3295,3295,3295,204,-0.028023598820059004
2016-10-05,3200,3390,3200,3390,4,0.028831562974203306
2016-10-06,3300,3600,3300,3600,4,0.06194690265486735
2016-10-07,3600,3600,3600,3600,0,0.0
2016-10-10,3600,3600,3600,3600,0,0.0
2016-10-11,3600,3600,3600,3600,0,0.0
2016-10-12,3600,3600,3600,3600,0,0.0
2016-10-13,3600,3600,3600,3600,0,0.0
2016-10-14,3600,3600,3600,3600,0,0.0
2016-10-17,3600,3600,3600,3600,0,0.0
2016-10-18,3600,3600,3600,3600,0,0.0
2016-10-19,3600,3600,3600,3600,12,0.0
2016-10-20,3600,3600,3600,3600,0,0.0
2016-10-21,3600,3600,3600,3600,0,0.0
2016-10-24,3060,3600,3060,3600,2501,0.0
2016-10-25,3495,3495,3495,3495,300,-0.029166666666666674
2016-10-26,3390,3590,3390,3590,301,0.027181688125894166
2016-10-27,3485,3485,3485,3485,300,-0.029247910863509752
2016-10-28,3380,3380,3380,3380,300,-0.03012912482065999
2016-10-31,3380,3380,3380,3380,0,0.0
2016-11-01,3285,3480,3285,3480,401,0.029585798816567976
2016-11-02,3375,3375,3375,3375,300,-0.030172413793103425
2016-11-03,3280,3280,3280,3280,400,-0.028148148148148144
2016-11-04,3185,3185,3185,3185,400,-0.02896341463414631
2016-11-07,3095,3095,3095,3095,400,-0.028257456828885363
2016-11-08,3005,3005,3005,3005,400,-0.029079159935379684
2016-11-09,3455,3455,3100,3300,100,0.09816971713810307
2016-11-10,3300,3300,2805,2805,30020,-0.15000000000000002
2016-11-11,3200,3225,3200,3225,31095,0.14973262032085555
2016-11-14,3000,3300,3000,3300,1800,0.023255813953488413
2016-11-15,3300,3300,3300,3300,0,0.0
2016-11-16,3205,3205,3205,3205,400,-0.028787878787878807
2016-11-17,3000,3200,3000,3200,6650,-0.0015600624024960652
2016-11-18,3110,3110,3110,3110,400,-0.028124999999999956
2016-11-21,3300,3300,3300,3300,9500,0.06109324758842449
2016-11-22,3260,3260,3260,3260,30000,-0.012121212121212088
2016-11-23,3165,3165,3165,3165,190,-0.02914110429447858
2016-11-24,3165,3165,3165,3165,0,0.0
2016-11-25,3250,3250,3250,3250,200,0.026856240126382325
2016-11-28,3250,3250,3250,3250,0,0.0
2016-11-29,3250,3250,3250,3250,0,0.0
2016-11-30,3250,3250,3250,3250,0,0.0
2016-12-01,3155,3155,3155,3155,10,-0.029230769230769282
2016-12-02,3155,3155,3155,3155,0,0.0
2016-12-05,3155,3155,3155,3155,0,0.0
2016-12-06,3155,3155,3155,3155,0,0.0
2016-12-07,3155,3155,3155,3155,0,0.0
2016-12-08,3155,3155,3155,3155,0,0.0
2016-12-09,3155,3155,3155,3155,0,0.0
2016-12-12,3155,3155,3155,3155,0,0.0
2016-12-13,3155,3155,3155,3155,0,0.0
2016-12-14,3155,3155,3155,3155,0,0.0
2016-12-15,3155,3155,3155,3155,0,0.0
2016-12-16,3155,3155,3155,3155,0,0.0
2016-12-19,3155,3155,3155,3155,0,0.0
2016-12-20,3155,3155,3155,3155,0,0.0
2016-12-21,3155,3155,3155,3155,0,0.0
2016-12-22,3155,3155,3155,3155,0,0.0
2016-12-23,3155,3155,3155,3155,0,0.0
2016-12-26,3155,3155,3155,3155,0,0.0
2016-12-27,3155,3155,3155,3155,0,0.0
2016-12-28,3155,3155,3155,3155,0,0.0
2016-12-29,3155,3155,3155,3155,0,0.0
2017-01-02,3155,3155,3155,3155,0,0.0
2017-01-03,3155,3155,3155,3155,0,0.0
2017-01-04,3155,3155,3155,3155,0,0.0
2017-01-05,3155,3155,3155,3155,0,0.0
2017-01-06,3155,3155,3155,3155,0,0.0
2017-01-09,3155,3155,3155,3155,0,0.0
2017-01-10,3155,3155,3155,3155,0,0.0
2017-01-11,3155,3155,3155,3155,0,0.0
2017-01-12,3155,3155,3155,3155,0,0.0
2017-01-13,3155,3155,3155,3155,0,0.0
2017-01-16,3155,3155,3155,3155,0,0.0
2017-01-17,3155,3155,3155,3155,0,0.0
2017-01-18,3155,3155,3155,3155,0,0.0
2017-01-19,3155,3155,3155,3155,0,0.0
2017-01-20,3155,3155,3155,3155,0,0.0
2017-01-23,3155,3155,3155,3155,0,0.0
2017-01-24,3155,3155,3155,3155,0,0.0
2017-01-25,3155,3155,3155,3155,0,0.0
2017-01-26,3155,3155,3155,3155,0,0.0
2017-01-31,3155,3155,3155,3155,0,0.0
2017-02-01,3060,3060,3060,3060,400,-0.030110935023771823
2017-02-02,3060,3060,3060,3060,0,0.0
2017-02-03,3060,3060,3060,3060,1700,0.0
2017-02-06,3060,3060,3060,3060,0,0.0
2017-02-07,3060,3060,3060,3060,0,0.0
2017-02-08,3060,3060,3060,3060,300,0.0
2017-02-09,3060,3060,3060,3060,0,0.0
2017-02-10,3060,3060,3060,3060,0,0.0
2017-02-13,3060,3060,3060,3060,0,0.0
2017-02-14,3060,3060,3060,3060,0,0.0
2017-02-15,2975,3150,2975,3150,600,0.02941176470588225
2017-02-16,3150,3150,3150,3150,0,0.0
2017-02-17,3150,3150,3150,3150,0,0.0
2017-02-20,3180,3180,3180,3180,157,0.00952380952380949
2017-02-21,3180,3180,3180,3180,0,0.0
2017-02-22,3180,3180,3180,3180,0,0.0
2017-02-23,3180,3180,3180,3180,0,0.0
2017-02-24,3180,3180,3180,3180,0,0.0
2017-02-27,3180,3180,3180,3180,0,0.0
2017-02-28,3180,3180,3180,3180,0,0.0
2017-03-02,3180,3180,3180,3180,0,0.0
2017-03-03,3100,3100,3100,3100,1,-0.02515723270440251
2017-03-06,3100,3100,3100,3100,0,0.0
2017-03-07,3100,3100,3100,3100,0,0.0
2017-03-08,3100,3100,3100,3100,0,0.0
2017-03-09,3100,3100,3100,3100,0,0.0
2017-03-10,3100,3100,3100,3100,0,0.0
2017-03-13,3100,3100,3100,3100,0,0.0
2017-03-14,3100,3100,3100,3100,0,0.0
2017-03-15,3010,3010,3010,3010,400,-0.029032258064516148
2017-03-16,3010,3010,3010,3010,0,0.0
2017-03-17,3010,3010,3010,3010,0,0.0
2017-03-20,3010,3010,3010,3010,0,0.0
2017-03-21,2560,3000,2560,3000,3,-0.0033222591362126463
2017-03-22,3000,3000,3000,3000,0,0.0
2017-03-23,3000,3000,3000,3000,0,0.0
2017-03-24,3080,3080,3080,3080,1,0.026666666666666616
2017-03-27,3300,3300,3300,3300,1,0.0714285714285714
2017-03-28,3205,3205,3205,3205,400,-0.028787878787878807
2017-03-29,3205,3205,3205,3205,0,0.0
2017-03-30,3115,3200,3115,3200,500,-0.0015600624024960652
2017-03-31,3110,3110,3110,3110,400,-0.028124999999999956
2017-04-03,3110,3110,3110,3110,0,0.0
2017-04-04,3110,3110,3110,3110,0,0.0
2017-04-05,3110,3110,3110,3110,0,0.0
2017-04-06,3110,3110,3110,3110,0,0.0
2017-04-07,3110,3110,3110,3110,0,0.0
2017-04-10,3110,3110,3110,3110,0,0.0
2017-04-11,3110,3110,3110,3110,0,0.0
2017-04-12,3020,3200,3020,3200,341,0.02893890675241151
2017-04-13,3110,3110,3110,3110,400,-0.028124999999999956
2017-04-14,3110,3110,3110,3110,0,0.0
2017-04-17,3110,3110,3110,3110,0,0.0
2017-04-18,3110,3110,3110,3110,0,0.0
2017-04-19,3110,3110,3110,3110,0,0.0
2017-04-20,3020,3020,3020,3020,400,-0.02893890675241162
2017-04-21,2935,2935,2935,2935,400,-0.028145695364238388
2017-04-24,2935,2935,2935,2935,10,0.0
2017-04-25,2935,3020,2850,3020,530,0.028960817717206044
2017-04-26,3020,3020,3020,3020,19,0.0
2017-04-27,3020,3020,3020,3020,13,0.0
2017-04-28,3020,3020,3020,3020,30,0.0
2017-05-02,3020,3020,3020,3020,0,0.0
2017-05-04,3020,3020,3020,3020,0,0.0
2017-05-08,3020,3020,3020,3020,0,0.0
2017-05-10,3020,3020,3020,3020,0,0.0
2017-05-11,3020,3020,3020,3020,0,0.0
2017-05-12,3020,3020,3020,3020,0,0.0
2017-05-15,3020,3020,3020,3020,0,0.0
2017-05-16,2935,2935,2935,2935,400,-0.028145695364238388
2017-05-17,2935,2935,2935,2935,0,0.0
2017-05-18,2935,2935,2935,2935,0,0.0
2017-05-19,2935,2935,2935,2935,0,0.0
2017-05-22,3050,3050,3050,3050,1,0.03918228279386704
2017-05-23,3050,3050,3050,3050,0,0.0
2017-05-24,3050,3050,3050,3050,0,0.0
2017-05-25,3000,3000,3000,3000,0,-0.016393442622950838
2017-05-26,3000,3000,3000,3000,0,0.0
2017-05-29,3100,3100,3100,3100,800,0.03333333333333344
2017-05-30,3000,3100,3000,3100,2000,0.0
2017-05-31,3100,3100,3100,3100,0,0.0
2017-06-01,3050,3050,3050,3050,0,-0.016129032258064502
2017-06-02,2700,3000,2700,3000,804,-0.016393442622950838
2017-06-05,2800,3050,2800,3000,1256,0.0
2017-06-07,2800,2800,2800,2800,100,-0.06666666666666665
2017-06-08,2800,3000,2800,3000,700,0.0714285714285714
2017-06-09,3000,3000,3000,3000,0,0.0
2017-06-12,2910,2910,2910,2910,400,-0.030000000000000027
2017-06-13,2910,2910,2910,2910,0,0.0
2017-06-14,2910,2910,2910,2910,0,0.0
2017-06-15,2910,2910,2910,2910,0,0.0
2017-06-16,3000,3100,3000,3100,200,0.06529209621993126
2017-06-19,3010,3010,3010,3010,400,-0.029032258064516148
2017-06-20,3010,3010,3010,3010,0,0.0
2017-06-21,3010,3010,3010,3010,0,0.0
2017-06-22,3010,3010,3010,3010,0,0.0
2017-06-23,3010,3010,3010,3010,0,0.0
2017-06-26,3010,3010,3010,3010,0,0.0
2017-06-27,3010,3010,3010,3010,0,0.0
2017-06-28,3010,3010,3010,3010,0,0.0
2017-06-29,3010,3010,3010,3010,0,0.0
2017-06-30,3010,3010,3010,3010,0,0.0
2017-07-03,3100,3100,3100,3100,600,0.029900332225913706
2017-07-04,3100,3100,3100,3100,300,0.0
2017-07-05,3010,3010,3010,3010,400,-0.029032258064516148
2017-07-06,3010,3010,3010,3010,250,0.0
2017-07-07,3100,3100,3100,3100,100,0.029900332225913706
2017-07-10,3010,3010,3010,3010,292,-0.029032258064516148
2017-07-11,3010,3010,3010,3010,0,0.0
2017-07-12,3010,3010,3010,3010,1,0.0
2017-07-13,3100,3100,2880,2880,202,-0.04318936877076407
2017-07-14,3100,3100,3100,3100,200,0.07638888888888884
2017-07-17,3100,3100,3100,3100,100,0.0
2017-07-18,3100,3100,3100,3100,0,0.0
2017-07-19,3100,3100,3100,3100,0,0.0
2017-07-20,3100,3100,3100,3100,0,0.0
2017-07-21,3100,3100,3100,3100,116,0.0
2017-07-24,3100,3100,3100,3100,0,0.0
2017-07-25,3100,3100,3100,3100,0,0.0
2017-07-26,3100,3100,3100,3100,184,0.0
2017-07-27,3100,3100,3100,3100,200,0.0
2017-07-28,3100,3100,3100,3100,0,0.0
2017-07-31,3100,3100,3100,3100,49,0.0
2017-08-01,3100,3100,3100,3100,151,0.0
2017-08-02,3100,3100,3100,3100,0,0.0
2017-08-03,3100,3100,3100,3100,0,0.0
2017-08-04,3100,3100,3100,3100,0,0.0
2017-08-07,3100,3100,3100,3100,0,0.0
2017-08-08,3100,3100,3100,3100,0,0.0
2017-08-09,3100,3100,3100,3100,0,0.0
2017-08-10,3100,3100,3100,3100,0,0.0
2017-08-11,3010,3010,3010,3010,50,-0.029032258064516148
2017-08-14,3010,3010,3010,3010,0,0.0
2017-08-16,3100,3100,3100,3100,200,0.029900332225913706
2017-08-17,3100,3100,3100,3100,0,0.0
2017-08-18,3100,3100,3100,3100,0,0.0
2017-08-21,3100,3100,3100,3100,0,0.0
2017-08-22,3100,3100,3100,3100,0,0.0
2017-08-23,3100,3100,3100,3100,0,0.0
2017-08-24,3100,3100,3100,3100,0,0.0
2017-08-25,3100,3100,3100,3100,150,0.0
2017-08-28,3100,3100,3100,3100,100,0.0
2017-08-29,3100,3100,3100,3100,200,0.0
2017-08-30,3100,3100,3100,3100,0,0.0
2017-08-31,3100,3100,3100,3100,0,0.0
2017-09-01,3100,3100,3100,3100,0,0.0
2017-09-04,3100,3100,3100,3100,50,0.0
2017-09-05,3100,3100,3100,3100,0,0.0
2017-09-06,3100,3100,3100,3100,0,0.0
2017-09-07,3100,3100,3100,3100,2900,0.0
2017-09-08,3100,3100,3100,3100,0,0.0
2017-09-11,3100,3100,3100,3100,0,0.0
2017-09-12,3100,3100,3100,3100,0,0.0
2017-09-13,3100,3100,3100,3100,0,0.0
2017-09-14,3100,3100,3100,3100,0,0.0
2017-09-15,3100,3100,3100,3100,0,0.0
2017-09-18,3100,3100,3100,3100,0,0.0
2017-09-19,3100,3100,3100,3100,0,0.0
2017-09-20,3100,3100,3100,3100,0,0.0
2017-09-21,3100,3100,3100,3100,0,0.0
2017-09-22,3100,3100,3100,3100,200,0.0
2017-09-25,3100,3100,3100,3100,0,0.0
2017-09-26,3100,3100,3100,3100,0,0.0
2017-09-27,3100,3100,3100,3100,0,0.0
2017-09-28,3100,3100,3100,3100,0,0.0
2017-09-29,3100,3100,3100,3100,0,0.0
2017-10-10,3100,3100,3100,3100,0,0.0
2017-10-11,3100,3100,3100,3100,0,0.0
2017-10-12,3100,3100,3100,3100,0,0.0
2017-10-13,3100,3100,3100,3100,0,0.0
2017-10-16,3100,3100,3100,3100,0,0.0
2017-10-17,2635,2635,2635,2635,15,-0.15000000000000002
2017-10-18,2800,2900,2800,2900,795,0.10056925996204935
2017-10-19,3000,3100,3000,3100,410,0.06896551724137923
2017-10-20,3100,3100,3100,3100,0,0.0
2017-10-23,3100,3100,3100,3100,0,0.0
2017-10-24,3100,3100,3100,3100,0,0.0
2017-10-25,3100,3100,3100,3100,0,0.0
2017-10-26,3100,3100,3100,3100,0,0.0
2017-10-27,3100,3100,3100,3100,0,0.0
2017-10-30,3100,3100,3100,3100,0,0.0
2017-10-31,3100,3100,3100,3100,0,0.0
2017-11-01,3100,3100,3100,3100,0,0.0
2017-11-02,3100,3100,3100,3100,0,0.0
2017-11-03,3100,3100,3100,3100,0,0.0
2017-11-06,3100,3100,3100,3100,0,0.0
2017-11-07,3100,3100,3100,3100,0,0.0
2017-11-08,3100,3100,3100,3100,0,0.0
2017-11-09,3100,3100,3100,3100,0,0.0
2017-11-10,3100,3100,3100,3100,0,0.0
2017-11-13,3100,3100,3100,3100,0,0.0
2017-11-14,3100,3100,3100,3100,0,0.0
2017-11-15,3100,3100,3100,3100,0,0.0
2017-11-16,3100,3100,3100,3100,0,0.0
2017-11-17,3100,3100,3100,3100,0,0.0
2017-11-20,3100,3100,3100,3100,0,0.0
2017-11-21,3100,3100,3100,3100,0,0.0
2017-11-22,3100,3100,3100,3100,0,0.0
2017-11-23,3100,3100,3100,3100,0,0.0
2017-11-24,3100,3100,3100,3100,0,0.0
2017-11-27,3100,3100,3100,3100,0,0.0
2017-11-28,3100,3100,3100,3100,0,0.0
2017-11-29,3100,3100,3100,3100,0,0.0
2017-11-30,3100,3100,3100,3100,0,0.0
2017-12-01,3100,3100,3100,3100,0,0.0
2017-12-04,3100,3100,3100,3100,0,0.0
2017-12-05,3100,3100,3100,3100,0,0.0
2017-12-06,3100,3100,3100,3100,0,0.0
2017-12-07,3100,3100,3100,3100,200,0.0
2017-12-08,3100,3100,3100,3100,200,0.0
2017-12-11,3100,3100,3100,3100,300,0.0
2017-12-12,3100,3100,3100,3100,0,0.0
2017-12-13,3100,3100,3100,3100,0,0.0
2017-12-14,3100,3100,3100,3100,0,0.0
2017-12-15,3100,3100,3100,3100,0,0.0
2017-12-18,3100,3100,3100,3100,0,0.0
2017-12-19,3100,3100,3100,3100,0,0.0
2017-12-20,3100,3100,3100,3100,0,0.0
2017-12-21,3100,3100,3100,3100,0,0.0
2017-12-22,3100,3100,3100,3100,0,0.0
2017-12-26,3100,3100,3100,3100,0,0.0
2017-12-27,3100,3100,3100,3100,0,0.0
2017-12-28,3100,3100,3100,3100,0,0.0
2018-01-02,3100,3100,3100,3100,0,0.0
2018-01-03,3100,3100,3100,3100,0,0.0
2018-01-04,3100,3100,3100,3100,300,0.0
2018-01-05,3150,3150,3150,3150,200,0.016129032258064502
2018-01-08,3150,3150,3150,3150,0,0.0
2018-01-09,3150,3150,3150,3150,0,0.0
2018-01-10,3200,3200,3200,3200,32,0.015873015873015817
2018-01-11,3110,3110,3110,3110,400,-0.028124999999999956
2018-01-12,3150,3150,3150,3150,43,0.012861736334405238
2018-01-15,3200,3620,3200,3620,1235,0.14920634920634912
2018-01-16,3515,3515,3515,3515,300,-0.029005524861878462
2018-01-17,3415,3415,3415,3415,300,-0.028449502133712667
2018-01-18,3500,3500,3500,3500,10,0.02489019033674955
2018-01-19,3200,3500,3200,3500,11966,0.0
2018-01-22,3500,3500,3500,3500,1187,0.0
2018-01-23,3500,3500,3500,3500,221,0.0
2018-01-24,3490,3490,3490,3490,239,-0.0028571428571428914
2018-01-25,3485,3485,3485,3485,386,-0.0014326647564469885
2018-01-26,3485,3485,3485,3485,0,0.0
2018-01-29,3485,3485,3485,3485,0,0.0
2018-01-30,3485,3485,3485,3485,0,0.0
2018-01-31,3485,3485,3485,3485,11925,0.0
2018-02-01,3485,3485,3485,3485,1,0.0
2018-02-02,3485,3485,3485,3485,2667,0.0
2018-02-05,3480,3480,3480,3480,346,-0.0014347202295552641
2018-02-06,3480,3480,3480,3480,0,0.0
2018-02-07,3480,3480,3480,3480,0,0.0
2018-02-08,3480,3480,3480,3480,0,0.0
2018-02-09,3480,3480,3480,3480,444,0.0
2018-02-12,3475,3475,3475,3475,0,-0.001436781609195359
2018-02-13,3480,3480,3480,3480,457,0.0014388489208632116
2018-02-14,3480,3600,3480,3600,4587,0.034482758620689724
2018-02-19,3700,3700,3700,3700,275,0.02777777777777768
2018-02-20,3800,3800,3800,3800,28,0.027027027027026973
2018-02-21,3850,3850,3850,3850,1,0.013157894736842035
2018-02-22,3960,4200,3960,4200,1536,0.09090909090909083
2018-02-23,4200,4200,4200,4200,1,0.0
2018-02-26,4100,4360,4000,4360,1354,0.03809523809523818
2018-02-27,4350,4360,4300,4300,803,-0.013761467889908285
2018-02-28,4000,4295,3665,3665,1225,-0.14767441860465114
2018-03-02,3600,4100,3120,3600,39,-0.017735334242837686
2018-03-05,3700,3700,3700,3700,300,0.02777777777777768
2018-03-06,3700,3700,3700,3700,0,0.0
2018-03-07,3700,3700,3700,3700,0,0.0
2018-03-08,3700,3700,3700,3700,2162,0.0
2018-03-09,3650,3650,3650,3650,0,-0.013513513513513487
2018-03-12,3650,3650,3650,3650,969,0.0
2018-03-13,3675,3800,3200,3650,4677,0.0
2018-03-14,3540,3650,3540,3650,237,0.0
2018-03-15,3795,3795,3600,3650,6805,0.0
2018-03-16,3500,3995,3500,3895,7097,0.06712328767123288
2018-03-19,3600,3895,3600,3795,2934,-0.025673940949935803
2018-03-20,3795,3895,3795,3895,4,0.026350461133069825
2018-03-21,4200,4200,3900,3900,270,0.0012836970474967568
2018-03-22,3900,3900,3900,3900,0,0.0
2018-03-23,3900,4355,3900,3910,1626,0.002564102564102555
2018-03-26,3800,3955,3800,3955,970,0.011508951406649537
2018-03-27,3955,3955,3955,3955,502,0.0
2018-03-28,3600,3955,3600,3955,539,0.0
2018-03-29,3955,3955,3735,3950,569,-0.0012642225031606058
2018-03-30,3705,4500,3705,4500,2265,0.139240506329114
2018-04-02,4300,4500,4200,4200,2418,-0.06666666666666665
2018-04-03,3960,4300,3960,4300,3103,0.023809523809523725
2018-04-04,4360,4360,4360,4360,23,0.013953488372093092
2018-04-05,4360,4360,4360,4360,5,0.0
2018-04-06,4360,4360,4360,4360,0,0.0
2018-04-09,4360,4400,4360,4400,2046,0.00917431192660545
2018-04-10,4450,4450,4450,4450,1,0.011363636363636465
2018-04-11,4690,4690,4690,4690,263,0.053932584269662964
2018-04-12,4690,4690,4500,4650,605,-0.008528784648187626
2018-04-13,4650,4650,4650,4650,231,0.0
2018-04-16,4690,4705,4690,4700,2691,0.010752688172043001
2018-04-17,4700,4700,4695,4700,110,0.0
2018-04-18,4700,4750,4650,4700,712,0.0
2018-04-19,4700,4700,4700,4700,1,0.0
2018-04-20,4750,4800,4700,4700,132,0.0
2018-04-23,4900,4900,4750,4750,23,0.010638297872340496
2018-04-24,4850,4850,4800,4850,60,0.021052631578947434
2018-04-25,4850,4900,4850,4900,40,0.010309278350515427
2018-04-26,4900,4900,4850,4890,52,-0.0020408163265306367
2018-04-27,4960,4960,4850,4850,101,-0.008179959100204526
2018-04-30,4960,4960,4900,4900,20,0.010309278350515427
2018-05-02,4960,5000,4840,4960,2054,0.012244897959183598
2018-05-03,4960,4960,4960,4960,1,0.0
2018-05-04,4900,4900,4810,4900,460,-0.012096774193548376
2018-05-08,4900,4900,4850,4900,12,0.0
2018-05-09,4900,4900,4805,4850,109,-0.010204081632653073
2018-05-10,4850,4850,4805,4850,52,0.0
2018-05-11,4850,4850,4805,4850,299,0.0
2018-05-14,4850,4900,4700,4900,726,0.010309278350515427
2018-05-15,4900,5000,4900,5000,6,0.020408163265306145
2018-05-16,5000,5000,5000,5000,1,0.0
2018-05-17,5000,5000,5000,5000,1,0.0
2018-05-18,5000,5000,4705,4900,12,-0.020000000000000018
2018-05-21,4850,5000,4850,5000,200,0.020408163265306145
2018-05-23,5000,5000,4700,4700,1667,-0.06000000000000005
2018-05-24,4900,4900,4400,4700,2742,0.0
2018-05-25,5060,5060,5060,5060,1,0.07659574468085117
2018-05-28,5000,5000,5000,5000,146,-0.011857707509881465
2018-05-29,5060,5060,4700,4900,1542,-0.020000000000000018
2018-05-30,5000,5000,4700,4800,402,-0.020408163265306145
2018-05-31,4900,4900,4080,4605,4714,-0.04062500000000002
2018-06-01,4895,4895,4600,4695,7,0.019543973941368087
2018-06-04,4795,4795,4795,4795,1,0.021299254526091493
2018-06-05,4505,4695,4500,4695,1062,-0.02085505735140769
2018-06-07,4700,4800,4365,4590,1182,-0.022364217252396124
2018-06-08,4595,4900,4205,4580,2643,-0.002178649237472796
2018-06-11,4800,4800,4800,4800,2,0.048034934497816595
2018-06-12,4900,4900,4605,4840,369,0.008333333333333304
2018-06-14,5000,5000,4605,4895,468,0.011363636363636465
2018-06-15,5060,5060,5000,5000,2,0.021450459652706755
2018-06-18,5060,5060,4800,4950,947,-0.010000000000000009
2018-06-19,5000,5000,4900,4925,86,-0.005050505050505083
2018-06-20,4995,4995,4820,4995,210,0.014213197969543234
2018-06-21,5000,5000,5000,5000,1,0.0010010010010010895
2018-06-22,4990,4990,4990,4990,1,-0.0020000000000000018
2018-06-25,5000,5000,5000,5000,1,0.002004008016031955
2018-06-26,5000,5000,4255,4480,5303,-0.10399999999999998
2018-06-27,4500,4500,3900,4265,2302,-0.0479910714285714
2018-06-28,4300,4300,3900,4300,23,0.008206330597889888
2018-06-29,4300,4300,4300,4300,3,0.0
2018-07-02,4300,4300,4290,4290,10,-0.0023255813953488857
2018-07-03,4285,4290,4285,4290,2,0.0
2018-07-04,4290,4495,4290,4345,310,0.012820512820512775
2018-07-05,4340,4340,4300,4340,368,-0.0011507479861909697
2018-07-06,4300,4495,4300,4495,303,0.03571428571428581
2018-07-09,4360,4360,4360,4360,300,-0.030033370411568394
2018-07-10,4495,4495,4250,4445,302,0.019495412844036775
2018-07-11,4440,5050,4440,5050,432,0.1361079865016872
2018-07-12,5050,5050,4300,5000,1445,-0.00990099009900991
2018-07-13,4900,5050,4300,5050,2549,0.010000000000000009
2018-07-16,5050,5050,4800,5000,404,-0.00990099009900991
2018-07-17,4600,5000,4600,4900,2206,-0.020000000000000018
2018-07-18,4900,4900,4900,4900,1,0.0
2018-07-19,4900,4900,4900,4900,1,0.0
2018-07-20,4700,4800,4700,4800,305,-0.020408163265306145
2018-07-23,4800,4800,4800,4800,1,0.0
2018-07-24,4700,4700,4700,4700,0,-0.02083333333333337
2018-07-25,4700,4700,4700,4700,1,0.0
2018-07-26,4700,4900,4700,4900,501,0.042553191489361764
2018-07-27,5000,5000,4700,4900,15,0.0
2018-07-30,5060,5060,4900,4900,2,0.0
2018-07-31,4900,4900,4900,4900,1,0.0
2018-08-01,4900,4900,4900,4900,1,0.0
2018-08-02,4900,4900,4900,4900,1,0.0
2018-08-03,4900,5060,4750,4750,18,-0.030612244897959218
2018-08-06,5000,5000,5000,5000,1,0.05263157894736836
2018-08-07,5000,5000,5000,5000,1,0.0
2018-08-08,5000,5000,4800,4950,131,-0.010000000000000009
2018-08-09,5000,5000,5000,5000,1,0.010101010101010166
2018-08-10,5060,5060,4900,4900,21,-0.020000000000000018
2018-08-13,5000,5000,5000,5000,1,0.020408163265306145
2018-08-14,5000,5000,4800,5000,27,0.0
2018-08-16,5000,5000,4700,4900,50,-0.020000000000000018
2018-08-17,4900,4900,4700,4900,132,0.0
2018-08-20,4950,4950,4700,4950,7,0.010204081632652962
2018-08-21,4900,4900,4900,4900,1,-0.010101010101010055
2018-08-22,5000,5000,4700,4900,13,0.0
2018-08-23,4950,4950,4950,4950,1,0.010204081632652962
2018-08-24,5000,5000,5000,5000,1,0.010101010101010166
2018-08-27,4850,4950,4850,4950,282,-0.010000000000000009
2018-08-28,5060,5060,5060,5060,1,0.022222222222222143
2018-08-29,4700,4945,4700,4945,2,-0.022727272727272707
2018-08-30,5000,5000,4700,4950,82,0.0010111223458038054
2018-08-31,5000,5000,5000,5000,1,0.010101010101010166
2018-09-03,5060,5060,4700,4700,429,-0.06000000000000005
2018-09-04,4800,4800,4800,4800,1,0.02127659574468077
2018-09-05,4800,4800,4800,4800,2,0.0
2018-09-06,4800,4800,4600,4800,4,0.0
2018-09-07,4800,4800,4600,4800,5,0.0
2018-09-10,4800,4800,4600,4800,7,0.0
2018-09-11,4800,4800,4100,4600,998,-0.04166666666666663
2018-09-12,4600,4800,4300,4700,725,0.021739130434782705
2018-09-13,4600,4700,4400,4600,214,-0.021276595744680882
2018-09-14,4500,4500,4300,4500,3,-0.021739130434782594
2018-09-17,4500,5000,4210,4495,2211,-0.0011111111111110628
2018-09-18,4500,4500,4350,4490,207,-0.0011123470522803602
2018-09-19,4495,4500,4495,4500,201,0.00222717149220486
2018-09-20,4500,4500,4200,4400,374,-0.022222222222222254
2018-09-21,4400,4500,4250,4500,7,0.022727272727272707
2018-09-27,4500,4500,4205,4500,213,0.0
2018-09-28,4500,4500,4210,4500,888,0.0
2018-10-01,4500,4500,4500,4500,2,0.0
2018-10-02,4500,4500,4500,4500,1,0.0
2018-10-04,4500,4500,4500,4500,1,0.0
2018-10-05,4500,4500,4500,4500,212,0.0
2018-10-08,4500,4500,4500,4500,1,0.0
2018-10-10,4600,4600,4600,4600,1,0.022222222222222143
2018-10-11,4465,4500,4465,4500,301,-0.021739130434782594
2018-10-12,4500,4500,4350,4495,52,-0.0011111111111110628
2018-10-15,4500,4500,4500,4500,1,0.0011123470522802492
2018-10-16,4600,4800,4600,4800,11,0.06666666666666665
2018-10-17,4745,4745,4745,4745,0,-0.011458333333333348
2018-10-18,5060,5060,5060,5060,1,0.06638566912539523
2018-10-19,4795,4795,4795,4795,300,-0.052371541501976315
2018-10-22,4800,4800,4800,4800,1,0.0010427528675704956
2018-10-23,4660,4660,4660,4660,300,-0.029166666666666674
2018-10-24,4750,4750,4600,4600,93,-0.012875536480686733
2018-10-25,4800,4800,4800,4800,1,0.04347826086956519
2018-10-26,4800,5000,4085,4890,1027,0.018750000000000044
2018-10-29,4700,4700,4500,4695,315,-0.039877300613496924
2018-10-30,4700,4700,4700,4700,1,0.0010649627263046302
2018-10-31,4800,4800,4800,4800,6,0.02127659574468077
2018-11-01,4595,4595,4595,4595,300,-0.04270833333333335
2018-11-02,4650,4650,4645,4645,2,0.01088139281828071
2018-11-05,4750,4750,4750,4750,1,0.022604951560817987
2018-11-06,4800,4800,4800,4800,1,0.010526315789473717
2018-11-07,4695,4695,4695,4695,21,-0.021874999999999978
2018-11-08,4500,4700,4500,4700,25,0.0010649627263046302
2018-11-09,4700,4700,4700,4700,1,0.0
2018-11-12,4700,4700,4700,4700,1,0.0
2018-11-13,4050,4200,4000,4000,1326,-0.14893617021276595
2018-11-14,4200,4200,3995,3995,33,-0.0012499999999999734
2018-11-15,4000,4000,3400,3995,2862,0.0
2018-11-16,3875,3995,3875,3995,501,0.0
2018-11-19,3800,3950,3800,3950,350,-0.01126408010012514
2018-11-20,3835,3995,3835,3995,390,0.0113924050632912
2018-11-21,3995,3995,3995,3995,100,0.0
2018-11-22,3900,3990,3800,3900,1500,-0.02377972465581979
2018-11-23,3750,3800,3700,3800,1366,-0.02564102564102566
2018-11-26,3650,3650,3500,3650,1236,-0.03947368421052633
2018-11-27,3410,3535,3400,3535,4523,-0.03150684931506853
2018-11-28,3600,3600,3405,3545,205,0.0028288543140029265
2018-11-29,3540,3540,3500,3500,2979,-0.012693935119887145
2018-11-30,3450,3495,3300,3300,7752,-0.05714285714285716
2018-12-03,3230,3435,3230,3435,847,0.040909090909091006
2018-12-04,3405,3405,3405,3405,0,-0.008733624454148492
2018-12-05,3400,3400,3400,3400,935,-0.001468428781204123
2018-12-06,3445,3445,3100,3335,5000,-0.019117647058823573
2018-12-07,3595,3595,3595,3595,15,0.07796101949025491
2018-12-10,3400,3400,3400,3400,1103,-0.05424200278164115
2018-12-11,3210,3345,3115,3330,6533,-0.020588235294117685
2018-12-12,3250,3345,3250,3345,1800,0.0045045045045044585
2018-12-13,3250,3295,3250,3295,1000,-0.014947683109118093
2018-12-14,3290,3290,3215,3285,129,-0.003034901365705611
2018-12-17,3150,3270,3150,3270,610,-0.004566210045662156
2018-12-18,3200,3250,3200,3250,3100,-0.006116207951070374
2018-12-19,3160,3240,3160,3240,1006,-0.003076923076923088
2018-12-20,3240,3240,3240,3240,0,0.0
2018-12-21,3235,3235,3235,3235,1,-0.0015432098765432167
2018-12-24,3200,3375,3200,3375,515,0.043276661514683123
2018-12-26,3360,3360,3300,3360,319,-0.004444444444444473
2018-12-27,3300,3390,3200,3390,4455,0.008928571428571397
2018-12-28,3380,3380,3380,3380,0,-0.002949852507374673
2019-01-02,3000,3200,2875,3100,9448,-0.08284023668639051
2019-01-03,3070,3070,3000,3070,4210,-0.009677419354838679
2019-01-04,3050,3050,2900,2900,4210,-0.055374592833876246
2019-01-07,3095,3095,3020,3095,131,0.0672413793103448
2019-01-08,3100,3100,3000,3075,1071,-0.00646203554119551
2019-01-09,3095,3200,3085,3200,1700,0.04065040650406515
2019-01-10,3225,3390,3220,3390,661,0.059374999999999956
2019-01-11,3500,3500,3450,3450,20,0.017699115044247815
2019-01-14,3450,3450,3450,3450,524,0.0
2019-01-15,3440,3440,3200,3440,475,-0.0028985507246376274
2019-01-16,3400,3490,3400,3490,140,0.014534883720930258
2019-01-17,3300,3490,3300,3490,110,0.0
2019-01-18,3480,3480,3480,3480,0,-0.002865329512893977
2019-01-21,3200,3400,3200,3385,3650,-0.027298850574712596
2019-01-22,3350,3350,3350,3350,100,-0.010339734121122546
2019-01-23,3300,3300,3300,3300,10,-0.014925373134328401
2019-01-24,3250,3250,3100,3150,8212,-0.045454545454545414
2019-01-25,3445,3445,2680,3200,36662,0.015873015873015817
2019-01-28,3100,3195,3100,3195,996,-0.0015625000000000222
2019-01-29,3185,3185,3185,3185,200,-0.003129890453834161
2019-01-30,3170,3295,3170,3295,670,0.03453689167974883
2019-01-31,3190,3290,3190,3290,1120,-0.0015174506828528056
2019-02-01,3290,3350,3290,3350,2485,0.01823708206686936
2019-02-07,3350,3350,3350,3350,0,0.0
2019-02-08,3350,3350,3350,3350,1,0.0
2019-02-11,3340,3340,3125,3340,150,-0.0029850746268657025
2019-02-12,3400,3400,3200,3395,71,0.01646706586826352
2019-02-13,3350,3350,3350,3350,0,-0.013254786450662692
2019-02-14,3100,3350,3100,3325,2427,-0.007462686567164201
2019-02-15,3400,3400,3320,3395,301,0.021052631578947434
2019-02-18,3205,3365,3200,3360,590,-0.010309278350515427
2019-02-19,3105,3395,3105,3385,326,0.007440476190476275
2019-02-20,3150,3390,3150,3390,75,0.001477104874446189
2019-02-21,3150,3390,3150,3390,2203,0.0
2019-02-22,3490,3490,3490,3490,200,0.029498525073746285
2019-02-25,3490,3490,3490,3490,0,0.0
2019-02-26,3490,3490,3490,3490,0,0.0
2019-02-27,3490,3490,3245,3485,18003,-0.0014326647564469885
2019-02-28,3485,3485,3485,3485,0,0.0
2019-03-04,3480,3480,3480,3480,2,-0.0014347202295552641
2019-03-05,3200,3500,3200,3500,3075,0.005747126436781658
2019-03-06,3500,4000,3500,4000,4482,0.1428571428571428
2019-03-07,3800,3995,3600,3995,15,-0.0012499999999999734
2019-03-08,3800,3800,3800,3800,0,-0.04881101376720898
2019-03-11,3800,4000,3800,4000,11,0.05263157894736836
2019-03-12,3700,4000,3700,4000,200,0.0
2019-03-13,4000,4000,4000,4000,0,0.0
2019-03-14,3990,3990,3990,3990,0,-0.0024999999999999467
2019-03-15,3750,3990,3750,3990,460,0.0
2019-03-18,3900,3900,3900,3900,151,-0.022556390977443663
2019-03-19,3995,3995,3990,3990,200,0.023076923076922995
2019-03-20,3985,3990,3985,3990,6781,0.0
2019-03-21,3980,3980,3980,3980,0,-0.0025062656641604564
2019-03-22,3700,4050,3400,4050,3230,0.017587939698492372
2019-03-25,3810,3990,3810,3990,2705,-0.014814814814814836
2019-03-26,3990,3990,3990,3990,100,0.0
2019-03-27,3805,3985,3700,3985,5900,-0.0012531328320801727
2019-03-28,3945,3945,3945,3945,0,-0.010037641154328703
2019-03-29,3850,4300,3850,4300,2320,0.08998732572877066
2019-04-01,4100,4200,3655,4075,11420,-0.05232558139534882
2019-04-02,4060,4060,3755,3960,3015,-0.02822085889570547
2019-04-03,3930,3930,3930,3930,0,-0.007575757575757569
2019-04-04,3700,3880,3660,3660,13513,-0.06870229007633588
2019-04-05,3605,3610,3590,3600,4871,-0.016393442622950838
2019-04-08,3600,3600,3600,3600,40,0.0
2019-04-09,3505,3670,3500,3660,4358,0.016666666666666607
2019-04-10,3685,3685,3675,3675,600,0.004098360655737654
2019-04-11,3685,3685,3665,3665,338,-0.0027210884353741083
2019-04-12,3660,3660,3550,3600,868,-0.017735334242837686
2019-04-15,3695,3695,3500,3655,3943,0.015277777777777724
2019-04-16,3500,3645,3450,3450,13900,-0.056087551299589644
2019-04-17,3400,3965,3400,3795,10493,0.10000000000000009
2019-04-18,3795,3795,3795,3795,2000,0.0
2019-04-19,3800,3800,3600,3800,365,0.0013175230566535578
2019-04-22,3790,3790,3790,3790,0,-0.0026315789473684292
2019-04-23,3785,3900,3600,3600,1017,-0.05013192612137207
2019-04-24,3900,3900,3900,3900,500,0.08333333333333326
2019-04-25,3900,3900,3650,3800,5681,-0.02564102564102566
2019-04-26,3750,3750,3750,3750,10,-0.013157894736842146
2019-04-29,3700,3875,3700,3875,1518,0.03333333333333344
2019-04-30,3875,3900,3825,3825,1351,-0.012903225806451646
2019-05-02,3850,4000,3850,4000,650,0.045751633986928164
2019-05-03,3995,3995,3995,3995,27,-0.0012499999999999734
2019-05-07,3800,4000,3800,3990,1110,-0.0012515644555695093
2019-05-08,4100,4100,3800,4000,7,0.0025062656641603454
2019-05-09,3970,3970,3970,3970,2,-0.007499999999999951
2019-05-10,4000,4000,4000,4000,76,0.007556675062972307
2019-05-13,4000,4000,3850,3850,1974,-0.03749999999999998
2019-05-14,4000,4000,4000,4000,1,0.03896103896103886
2019-05-15,3805,4000,3805,4000,13,0.0
2019-05-16,3900,4100,3900,4100,301,0.02499999999999991
2019-05-17,3900,4000,3900,4000,107,-0.024390243902439046
2019-05-20,4000,4000,4000,4000,0,0.0
2019-05-21,3800,4000,3705,4000,60,0.0
2019-05-22,3895,3895,3895,3895,0,-0.026249999999999996
2019-05-23,4000,4000,4000,4000,100,0.02695763799743256
2019-05-24,3805,4000,3805,4000,4379,0.0
2019-05-27,3800,3900,3800,3900,1068,-0.025000000000000022
2019-05-28,4000,4000,3970,3970,1249,0.017948717948717885
2019-05-29,3900,3980,3900,3980,53,0.0025188916876575096
2019-05-30,3800,3995,3800,3995,2600,0.0037688442211054607
2019-05-31,3990,3990,3800,3950,3781,-0.01126408010012514
2019-06-03,3945,3945,3945,3945,0,-0.0012658227848101333
2019-06-04,3940,3940,3940,3940,100,-0.0012674271229404788
2019-06-05,3850,3900,3850,3900,250,-0.010152284263959421
2019-06-07,3800,3895,3800,3895,2000,-0.0012820512820512775
2019-06-10,3890,3900,3800,3895,4454,0.0
2019-06-11,3895,3895,3895,3895,0,0.0
2019-06-12,3900,3900,3800,3890,2218,-0.0012836970474967568
2019-06-13,3990,3990,3990,3990,1,0.02570694087403602
2019-06-14,3850,3890,3850,3890,327,-0.02506265664160401
2019-06-17,3890,3890,3890,3890,1300,0.0
2019-06-18,3885,4000,3800,4000,851,0.028277634961439535
2019-06-19,3810,3940,3805,3940,1366,-0.015000000000000013
2019-06-20,3850,3895,3360,3515,4994,-0.10786802030456855
2019-06-21,3705,3895,3705,3895,316,0.10810810810810811
2019-06-24,3845,3850,3845,3850,22,-0.011553273427471145
2019-06-25,3850,4000,3850,4000,1000,0.03896103896103886
2019-06-26,3815,3895,3810,3895,913,-0.026249999999999996
2019-06-27,3810,4000,3810,4000,1486,0.02695763799743256
2019-06-28,3850,3995,3815,3995,1350,-0.0012499999999999734
2019-07-01,3995,3995,3995,3995,0,0.0
2019-07-02,3985,3985,3985,3985,0,-0.0025031289111389077
2019-07-03,3930,3985,3930,3985,101,0.0
2019-07-04,3990,4100,3990,4100,251,0.028858218318695172
2019-07-05,4050,4100,4050,4100,104,0.0
2019-07-08,4100,4100,4100,4100,150,0.0
2019-07-09,3910,4100,3910,4100,4909,0.0
2019-07-10,3900,4060,3800,4000,4138,-0.024390243902439046
2019-07-11,3995,3995,3750,3895,4151,-0.026249999999999996
2019-07-12,3715,3800,3700,3795,2784,-0.025673940949935803
2019-07-15,3895,3900,3700,3895,4653,0.026350461133069825
2019-07-16,3415,4000,3415,4000,2191,0.02695763799743256
2019-07-17,4000,4000,4000,4000,150,0.0
2019-07-18,4000,4000,3700,3850,1410,-0.03749999999999998
2019-07-19,3650,3750,3510,3750,5050,-0.025974025974025983
2019-07-22,3745,3745,3515,3685,4705,-0.01733333333333331
2019-07-23,3645,3795,3445,3610,10071,-0.020352781546811416
2019-07-24,3595,3645,3400,3600,14300,-0.0027700831024930483
2019-07-25,3595,3595,3390,3545,11634,-0.015277777777777724
2019-07-26,3500,3500,3400,3500,479,-0.012693935119887145
2019-07-29,3500,3545,3400,3545,4250,0.0128571428571429
2019-07-30,3410,3480,3395,3480,1554,-0.01833568406205921
2019-07-31,3350,3450,3310,3320,14248,-0.04597701149425293
2019-08-01,3350,3595,3320,3320,100898,0.0
2019-08-02,3545,3545,3480,3480,201,0.04819277108433728
2019-08-05,3450,3450,3300,3310,7432,-0.048850574712643646
2019-08-06,3305,3310,3005,3310,312,0.0
2019-08-07,3495,3600,3400,3600,1068,0.08761329305135956
2019-08-08,3700,3700,3495,3590,4200,-0.002777777777777768
2019-08-09,3495,3505,3495,3500,4528,-0.02506963788300831
2019-08-12,3500,3500,3495,3495,1295,-0.0014285714285714457
2019-08-13,3495,3495,3400,3495,1726,0.0
2019-08-14,3495,3545,3495,3545,1055,0.014306151645207432
2019-08-16,3495,3545,3495,3545,1001,0.0
2019-08-19,3495,3585,3495,3585,1500,0.01128349788434413
2019-08-20,3585,3645,3505,3645,1723,0.01673640167364021
2019-08-21,3650,3650,3550,3650,1910,0.00137174211248281
2019-08-22,3700,3800,3700,3795,3369,0.039726027397260166
2019-08-23,3790,3790,3600,3785,651,-0.0026350461133070047
2019-08-26,3790,3790,3565,3790,270,0.0013210039630118242
2019-08-27,3775,3775,3775,3775,1,-0.00395778364116095
2019-08-28,3760,3760,3690,3735,2231,-0.01059602649006619
2019-08-29,3735,3735,3610,3725,1149,-0.0026773761713521083
2019-08-30,3690,3690,3690,3690,1000,-0.00939597315436247
2019-09-02,3690,3690,3690,3690,0,0.0
2019-09-03,3690,3690,3690,3690,0,0.0
2019-09-04,3690,3690,3690,3690,0,0.0
2019-09-05,3690,3690,3690,3690,0,0.0
2019-09-06,3690,3690,3690,3690,0,0.0
2019-09-09,3600,3675,3600,3675,1183,-0.004065040650406471
2019-09-10,3675,3675,3660,3660,1317,-0.004081632653061273
2019-09-11,3550,3610,3540,3610,300,-0.013661202185792365
2019-09-16,3500,3640,3400,3630,192,0.005540166204986097
2019-09-17,3630,3630,3630,3630,0,0.0
2019-09-18,3500,3620,3500,3620,111,-0.0027548209366391463
2019-09-19,3620,3620,3620,3620,0,0.0
2019-09-20,3500,3580,3500,3580,7405,-0.011049723756906049
2019-09-23,3600,3600,3410,3530,2171,-0.013966480446927387
2019-09-24,3520,3520,3520,3520,0,-0.0028328611898017497
2019-09-25,3300,3600,3300,3600,801,0.022727272727272707
2019-09-26,3590,3595,3310,3310,1495,-0.0805555555555556
2019-09-27,3600,3600,3285,3500,4183,0.05740181268882183
2019-09-30,3400,3575,3400,3575,985,0.021428571428571352
2019-10-01,3550,3550,3545,3550,996,-0.006993006993006978
2019-10-02,3595,3595,3585,3590,1864,0.011267605633802802
2019-10-04,3590,3595,3590,3590,278,0.0
2019-10-07,3560,3590,3555,3585,2919,-0.0013927576601671099
2019-10-08,3585,3585,3325,3585,197,0.0
2019-10-10,3580,3580,3580,3580,100,-0.001394700139469962
2019-10-11,3310,3580,3310,3570,357,-0.0027932960893854997
2019-10-14,3575,3575,3575,3575,100,0.0014005602240896309
2019-10-15,3580,3580,3575,3575,150,0.0
2019-10-16,3580,3690,3580,3690,4854,0.032167832167832255
2019-10-17,3700,3700,3695,3700,2820,0.0027100271002709064
2019-10-18,3795,3795,3500,3790,205,0.024324324324324298
2019-10-21,3800,3900,3800,3900,400,0.029023746701847042
2019-10-22,3900,3900,3890,3890,201,-0.002564102564102555
2019-10-23,3890,3890,3890,3890,100,0.0
2019-10-24,3990,4000,3375,3965,3426,0.019280205655527016
2019-10-25,4000,4000,3970,3980,559,0.003783102143757988
2019-10-28,4000,4000,3985,3985,1253,0.0012562814070351536
2019-10-29,3985,3985,3980,3985,1500,0.0
2019-10-30,3990,3990,3400,3990,1452,0.0012547051442910462
2019-10-31,3980,3980,3980,3980,100,-0.0025062656641604564
2019-11-01,3970,3970,3650,3900,1715,-0.02010050251256279
2019-11-04,3885,3885,3885,3885,100,-0.0038461538461538325
2019-11-05,3885,3885,3870,3875,480,-0.002574002574002532
2019-11-06,3870,3880,3870,3880,4326,0.001290322580645098
2019-11-07,3900,3990,3700,3990,6476,0.028350515463917425
2019-11-08,4000,4000,3700,3970,12581,-0.005012531328320802
2019-11-11,4000,4000,3800,3935,6852,-0.008816120906801062
2019-11-12,3935,3935,3935,3935,50,0.0
2019-11-13,3935,4100,3805,4100,3086,0.04193138500635318
2019-11-14,3980,4000,3950,4000,1881,-0.024390243902439046
2019-11-15,4000,4000,3780,4000,11087,0.0
2019-11-18,4000,4200,3900,3900,7580,-0.025000000000000022
2019-11-19,4000,4000,4000,4000,3,0.02564102564102555
2019-11-20,4005,4005,3850,3995,8500,-0.0012499999999999734
2019-11-21,3850,3895,3840,3895,6268,-0.025031289111389188
2019-11-22,3850,4195,3850,4195,457,0.07702182284980741
2019-11-25,3900,4070,3900,4070,755,-0.02979737783075087
2019-11-26,3950,4045,3950,4045,1754,-0.00614250614250611
2019-11-27,4095,4095,4095,4095,100,0.012360939431396822
2019-11-28,4095,4095,4095,4095,150,0.0
2019-11-29,4090,4090,4090,4090,0,-0.0012210012210012167
2019-12-02,3800,4200,3800,4145,48,0.01344743276283622
2019-12-03,3995,3995,3900,3900,11715,-0.059107358262967424
2019-12-04,3900,3900,3900,3900,0,0.0
2019-12-05,4000,4000,3900,3915,4576,0.0038461538461538325
2019-12-06,3855,3920,3800,3900,10637,-0.003831417624521105
2019-12-09,3900,3900,3875,3895,801,-0.0012820512820512775
2019-12-10,3825,3825,3825,3825,20,-0.01797175866495504
2019-12-11,3705,3785,3600,3740,7126,-0.022222222222222254
2019-12-12,3550,3740,3480,3740,7242,0.0
2019-12-13,3705,3835,3635,3835,3005,0.025401069518716568
2019-12-16,3720,3810,3720,3810,3878,-0.006518904823989535
2019-12-17,3770,3800,3650,3800,932,-0.002624671916010457
2019-12-18,3760,3845,3760,3840,862,0.010526315789473717
2019-12-19,3720,3840,3610,3765,13280,-0.01953125
2019-12-20,3725,3740,3530,3535,32860,-0.061088977423638724
2019-12-23,3500,3700,3500,3645,9265,0.03111739745403108
2019-12-24,3645,3795,3645,3795,1194,0.04115226337448563
2019-12-26,3795,3795,3795,3795,0,0.0
2019-12-27,3550,3600,3400,3575,8239,-0.05797101449275366
2019-12-30,3400,3500,3400,3495,14742,-0.02237762237762242
2020-01-02,3410,3535,3410,3535,766,0.011444921316166035
2020-01-03,3535,3535,3420,3435,1314,-0.028288543140028266
2020-01-06,3500,3600,3500,3600,2684,0.048034934497816595
2020-01-07,3500,3600,3470,3600,10029,0.0
2020-01-08,3600,3600,3560,3560,471,-0.011111111111111072
2020-01-09,3505,3600,3505,3600,219,0.011235955056179803
2020-01-10,3580,3580,3580,3580,0,-0.005555555555555536
2020-01-13,3580,3580,3440,3440,326,-0.03910614525139666
2020-01-14,3685,3700,3440,3500,29905,0.01744186046511631
2020-01-15,3500,3680,3500,3600,5243,0.02857142857142847
2020-01-16,3590,3590,3315,3520,10694,-0.022222222222222254
2020-01-17,3510,3510,3450,3460,2641,-0.017045454545454586
2020-01-20,3455,3480,3455,3480,1499,0.005780346820809301
2020-01-21,3480,3480,3470,3470,451,-0.002873563218390829
2020-01-22,3595,3600,3485,3485,4857,0.004322766570605152
2020-01-23,3480,3600,3480,3585,3645,0.02869440459110484
2020-01-28,3625,3625,3570,3570,194,-0.004184100418409997
2020-01-29,3540,3560,3540,3540,640,-0.008403361344537785
2020-01-30,3530,3540,3530,3540,340,0.0
2020-01-31,3660,3660,3530,3540,460,0.0
2020-02-03,3540,3540,3540,3540,54,0.0
2020-02-04,3540,3545,3530,3540,5766,0.0
2020-02-05,3540,3550,3540,3550,1000,0.0028248587570620654
2020-02-06,3580,3600,3430,3600,5052,0.014084507042253502
2020-02-07,3590,3590,3550,3550,960,-0.01388888888888884
2020-02-10,3540,3580,3540,3575,1363,0.007042253521126751
2020-02-11,3685,3700,3585,3685,2145,0.03076923076923066
2020-02-12,3685,3800,3685,3800,2327,0.031207598371777445
2020-02-13,3800,3890,3800,3810,1011,0.002631578947368318
2020-02-14,3815,4000,3810,3990,479,0.04724409448818889
2020-02-17,4000,4100,4000,4100,712,0.027568922305764465
2020-02-18,4075,4075,4075,4075,1,-0.0060975609756097615
2020-02-19,3900,4075,3900,4075,11268,0.0
2020-02-20,4075,4400,4075,4310,8126,0.05766871165644161
2020-02-21,4400,4400,4100,4300,7202,-0.002320185614849146
2020-02-24,4300,4300,4140,4160,2118,-0.032558139534883734
2020-02-25,4160,4190,4160,4190,1350,0.007211538461538547
2020-02-26,4250,4600,4250,4575,208,0.09188544152744638
2020-02-27,4570,4670,4570,4670,946,0.02076502732240426
2020-02-28,4410,4670,4410,4670,702,0.0
2020-03-02,4630,4630,4310,4600,858,-0.01498929336188437
2020-03-03,4450,4500,4400,4500,2291,-0.021739130434782594
2020-03-04,4360,4360,4310,4310,2107,-0.04222222222222227
2020-03-05,4595,4595,4300,4300,4099,-0.002320185614849146
2020-03-06,4585,4585,4205,4205,917,-0.02209302325581397
2020-03-09,4200,4200,4100,4110,2555,-0.022592152199762183
2020-03-10,4015,4015,3800,4000,38593,-0.02676399026763987
2020-03-11,4100,4295,3995,4000,11561,0.0
2020-03-12,3900,4095,3850,3990,60169,-0.0024999999999999467
2020-03-13,3800,3975,3750,3975,2110,-0.003759398496240629
2020-03-16,3970,3970,3750,3750,3124,-0.05660377358490565
2020-03-17,3705,3950,3700,3760,4726,0.002666666666666595
2020-03-18,3900,3900,3600,3600,3272,-0.04255319148936165
2020-03-19,3600,3800,3065,3300,11222,-0.08333333333333337
2020-03-20,3315,3500,3315,3500,4791,0.06060606060606055
2020-03-23,3300,3475,3300,3320,1708,-0.05142857142857138
2020-03-24,3280,3700,3280,3400,1047,0.024096385542168752
2020-03-25,3400,3685,3400,3685,811,0.08382352941176463
2020-03-26,3600,3600,3410,3600,2100,-0.023066485753052923
2020-03-27,3600,3670,3300,3500,6956,-0.02777777777777779
2020-03-30,3300,3400,3105,3400,3871,-0.02857142857142858
2020-03-31,3400,3795,3400,3795,1515,0.11617647058823533
2020-04-01,3670,3790,3670,3790,522,-0.0013175230566534468
2020-04-02,3500,3600,3495,3600,236,-0.05013192612137207
2020-04-03,3450,3585,3450,3585,2,-0.004166666666666652
2020-04-06,3480,3655,3480,3655,2911,0.019525801952580135
2020-04-07,3620,3620,3450,3615,5501,-0.01094391244870041
2020-04-08,3475,3655,3475,3655,102,0.011065006915629283
2020-04-09,3655,3655,3600,3600,1350,-0.015047879616963078
2020-04-10,3595,3665,3595,3665,2501,0.01805555555555549
2020-04-13,3600,3665,3505,3665,1070,0.0
2020-04-14,3600,3980,3600,3980,1482,0.0859481582537518
2020-04-16,4000,4000,4000,4000,256,0.005025125628140614
2020-04-17,4050,4095,3850,3990,2779,-0.0024999999999999467
2020-04-20,3990,3990,3810,3810,1563,-0.045112781954887216
2020-04-21,3800,3885,3800,3885,1402,0.019685039370078705
2020-04-22,3800,3890,3795,3800,2325,-0.02187902187902191
2020-04-23,3805,3900,3805,3900,2298,0.026315789473684292
2020-04-24,3900,3900,3820,3820,2157,-0.02051282051282055
2020-04-27,3940,3950,3940,3950,3592,0.03403141361256545
2020-04-28,3855,3960,3855,3960,201,0.0025316455696202667
2020-04-29,4100,4100,3960,3960,1075,0.0
2020-05-04,3830,4045,3830,4025,1041,0.016414141414141437
2020-05-06,3925,4045,3920,4045,615,0.00496894409937898
2020-05-07,4045,4045,4045,4045,100,0.0
2020-05-08,4095,4095,4055,4055,49,0.0024721878862794533
2020-05-11,4045,4045,3900,4045,1486,-0.002466091245376112
2020-05-12,3895,4095,3895,3965,239,-0.01977750309023485
2020-05-13,3960,4075,3960,4000,329,0.008827238335435084
2020-05-14,4095,4195,4095,4175,1634,0.043749999999999956
2020-05-15,3925,4180,3925,4180,2140,0.0011976047904191933
2020-05-18,4180,4180,4075,4140,1334,-0.009569377990430672
2020-05-19,4200,4200,4060,4060,7038,-0.019323671497584516
2020-05-20,4060,4290,4000,4050,13485,-0.0024630541871921707
2020-05-21,4100,4130,4020,4130,9207,0.01975308641975304
2020-05-22,4130,4130,3990,4075,13488,-0.013317191283293006
2020-05-25,4075,4075,3985,4005,6003,-0.01717791411042946
2020-05-26,4005,4180,4005,4180,1107,0.043695380774032566
2020-05-27,4130,4130,4115,4130,872,-0.011961722488038284
2020-05-28,4130,4140,4100,4130,1594,0.0
2020-05-29,4130,4160,4130,4160,2240,0.007263922518159882
2020-06-01,4160,4250,4160,4250,5235,0.02163461538461542
2020-06-02,4250,4320,4240,4320,2055,0.016470588235294015
2020-06-03,4345,4345,4180,4310,2720,-0.0023148148148147696
2020-06-04,4305,4305,4100,4270,4203,-0.009280742459396807
2020-06-05,4265,4300,4110,4300,2578,0.007025761124121788
2020-06-08,4300,4395,4110,4395,1025,0.02209302325581386
2020-06-09,4420,4420,4260,4400,6140,0.0011376564277587597
2020-06-10,4305,4400,4305,4395,1548,-0.001136363636363602
2020-06-11,4350,4510,4350,4510,4768,0.026166097838452806
2020-06-12,4505,5180,4320,5000,5814,0.10864745011086474
2020-06-15,5000,5100,4900,5000,1405,0.0
2020-06-16,5000,5150,5000,5150,6098,0.030000000000000027
2020-06-17,5150,5920,5150,5890,280,0.14368932038834958
2020-06-18,5500,5500,5220,5390,1551,-0.08488964346349748
2020-06-19,5210,5490,5010,5350,1027,-0.007421150278293154
2020-06-22,5370,5370,5010,5300,1911,-0.009345794392523366
2020-06-23,5250,5270,5040,5270,1009,-0.005660377358490565
2020-06-24,5270,5270,5000,5020,2540,-0.04743833017077803
2020-06-25,5200,5400,4355,5100,31024,0.015936254980079667
2020-06-26,4915,5650,4915,5150,4198,0.009803921568627416
2020-06-29,5600,5880,5010,5880,4617,0.14174757281553396
2020-06-30,5700,5920,5410,5520,371,-0.061224489795918324
2020-07-01,5250,5750,5250,5700,652,0.032608695652173836
2020-07-02,5410,5750,5410,5740,571,0.007017543859649145
2020-07-03,5750,6300,5750,6250,668,0.08885017421602792
2020-07-06,6400,6500,6300,6400,3567,0.02400000000000002
2020-07-07,6490,7360,6400,6950,29806,0.0859375
2020-07-08,7500,7990,6230,6940,25100,-0.0014388489208633226
2020-07-09,6940,6940,6500,6810,3954,-0.018731988472622474
2020-07-10,6600,6990,6550,6610,354,-0.029368575624082238
2020-07-13,6600,7390,6600,7000,1978,0.059001512859303995
2020-07-14,7190,7190,6900,7000,4501,0.0
2020-07-15,7000,8040,7000,7770,5409,0.1100000000000001
2020-07-16,8400,8490,7450,7460,5325,-0.039897039897039854
2020-07-17,7700,7700,7400,7550,5739,0.012064343163538771
2020-07-20,7550,8400,7550,7780,2226,0.030463576158940464
2020-07-21,7600,7890,7600,7890,2672,0.014138817480719768
2020-07-22,7870,8000,7870,8000,503,0.013941698352344822
2020-07-23,8200,8550,7600,7940,9393,-0.007499999999999951
2020-07-24,7700,7890,7650,7890,6206,-0.006297229219143552
2020-07-27,7990,8200,7760,7980,1434,0.011406844106463865
2020-07-28,7600,7970,7600,7800,1631,-0.022556390977443663
2020-07-29,7800,7840,7790,7790,1251,-0.0012820512820512775
2020-07-30,7800,7800,7670,7780,1297,-0.0012836970474967568
2020-07-31,7810,7810,7690,7790,566,0.0012853470437017567
2020-08-03,7650,7790,7650,7780,67,-0.0012836970474967568
2020-08-04,7780,8000,7780,7850,8553,0.008997429305912519
2020-08-05,7850,7850,7840,7850,1624,0.0
2020-08-06,7850,7850,7800,7810,3211,-0.005095541401273884
2020-08-07,7810,7810,7020,7790,1845,-0.002560819462227859
2020-08-10,7800,7850,7660,7660,3211,-0.016688061617458283
2020-08-11,7800,7800,7770,7790,582,0.016971279373368064
2020-08-12,7790,7900,7790,7790,5551,0.0
2020-08-13,7800,7800,7780,7800,1999,0.0012836970474967568
2020-08-14,7800,7810,7800,7800,3732,0.0
2020-08-18,7800,7800,7600,7600,10265,-0.02564102564102566
2020-08-19,7600,7800,7500,7500,10288,-0.013157894736842146
2020-08-20,7500,7510,7450,7450,2070,-0.00666666666666671
2020-08-21,7450,7500,7230,7400,4128,-0.006711409395973145
2020-08-24,7500,7500,7200,7400,4637,0.0
2020-08-25,7300,7400,7300,7390,697,-0.0013513513513513375
2020-08-26,7330,7400,7330,7400,2464,0.0013531799729364913
2020-08-27,7380,7390,7000,7380,3430,-0.002702702702702675
2020-08-28,7370,7380,7370,7380,485,0.0
2020-08-31,7380,7400,7300,7320,23322,-0.008130081300813052
2020-09-01,7400,8000,7320,7750,20397,0.058743169398907114
2020-09-02,7800,8000,7780,7990,19722,0.030967741935483906
2020-09-03,8000,9140,8000,8920,52731,0.11639549436795993
2020-09-04,8890,9790,8850,9000,19957,0.008968609865470878
2020-09-07,9000,10350,9000,10350,31562,0.1499999999999999
2020-09-08,11700,11750,10500,10700,8499,0.033816425120772875
2020-09-09,11450,11450,10000,10700,5732,0.0
2020-09-10,11000,11400,10650,11350,13301,0.06074766355140193
2020-09-11,12000,12000,10400,11200,9675,-0.013215859030836996
2020-09-14,11500,11900,9900,9970,21153,-0.10982142857142863
2020-09-15,10250,10400,9980,10400,4310,0.04312938816449341
2020-09-16,10500,10500,10050,10400,3011,0.0
2020-09-17,10400,10400,10100,10150,3058,-0.024038461538461564
2020-09-18,10400,10400,10000,10400,15899,0.024630541871921263
2020-09-21,10400,10950,10000,10250,11638,-0.014423076923076872
2020-09-22,10250,10300,9850,10100,3376,-0.014634146341463428
2020-09-23,10500,10500,9980,10150,8367,0.004950495049504955
2020-09-24,10150,10250,9980,10100,5290,-0.0049261083743842304
2020-09-25,10100,10200,10050,10150,4681,0.004950495049504955
2020-09-28,10300,10800,10200,10550,7164,0.039408866995073843
2020-09-29,10550,10850,10550,10700,6079,0.014218009478673022
2020-10-05,10800,10800,10650,10750,3530,0.004672897196261738
2020-10-06,10800,10800,10500,10750,5484,0.0
2020-10-07,10750,10750,10550,10650,3410,-0.009302325581395321
2020-10-08,11000,11000,10200,10750,1265,0.009389671361502261
2020-10-12,10500,10550,10150,10500,3643,-0.023255813953488413
2020-10-13,10300,10600,10300,10500,5516,0.0
2020-10-14,10500,10900,10300,10600,16140,0.00952380952380949
2020-10-15,10600,10600,10150,10500,11598,-0.009433962264150941
2020-10-16,10450,10450,10050,10350,6360,-0.014285714285714235
2020-10-19,10350,10550,10000,10100,7377,-0.024154589371980673
2020-10-20,10100,10300,8690,9500,73653,-0.05940594059405946
2020-10-21,9980,9980,9200,9890,1288,0.04105263157894745
2020-10-22,9990,10500,9600,10300,8351,0.04145601617795758
2020-10-23,10150,10400,10000,10200,7200,-0.009708737864077666
2020-10-26,10000,10400,10000,10250,4558,0.004901960784313708
2020-10-27,10000,10300,10000,10250,7484,0.0
2020-10-28,10000,10350,10000,10250,9645,0.0
2020-10-29,10250,10300,10000,10300,7267,0.004878048780487809
2020-10-30,10300,10300,9980,10250,8807,-0.004854368932038833
2020-11-02,10050,10250,9980,10200,6014,-0.004878048780487809
2020-11-03,10000,10200,9840,10100,3926,-0.009803921568627416
2020-11-04,9910,10000,9530,9990,2652,-0.0108910891089109
2020-11-05,10000,10000,9550,9900,11083,-0.009009009009009028
2020-11-06,10000,10000,9660,9750,2618,-0.015151515151515138
2020-11-09,9980,9980,9200,9780,10229,0.003076923076922977
2020-11-10,9850,9940,9650,9860,3577,0.008179959100204526
2020-11-11,9920,9970,9780,9960,10845,0.010141987829614507
2020-11-12,9990,10300,9520,9980,37572,0.002008032128514081
2020-11-13,11250,11250,9700,10100,15214,0.012024048096192397
2020-11-16,10200,10250,9990,10150,15499,0.004950495049504955
2020-11-17,10150,10150,9900,10100,6179,-0.0049261083743842304
2020-11-18,9800,10000,9600,9900,12896,-0.01980198019801982
2020-11-19,9900,9900,9600,9830,5344,-0.007070707070707116
2020-11-20,9560,9800,9560,9750,4389,-0.008138351983723258
2020-11-23,9700,9990,9700,9880,9399,0.01333333333333342
2020-11-24,9990,9990,9700,9810,3111,-0.007085020242915019
2020-11-25,9980,9980,9650,9810,4205,0.0
2020-11-26,9980,10000,9630,10000,14518,0.019367991845056
2020-11-27,10250,10250,9620,9810,14282,-0.019000000000000017
2020-11-30,9870,9990,9660,9980,16736,0.017329255861366022
2020-12-01,9980,9980,9780,9930,5494,-0.00501002004008011
2020-12-02,9950,9960,9650,9930,8643,0.0
2020-12-03,9930,10000,9760,9930,11340,0.0
2020-12-04,9950,10100,9810,9990,25740,0.0060422960725075026
2020-12-07,10000,10500,9900,10250,20900,0.026026026026026106
2020-12-08,11600,11750,11200,11750,95576,0.14634146341463405
2020-12-09,12500,13500,12100,12950,101170,0.10212765957446801
2020-12-10,13000,13400,12550,12750,18087,-0.015444015444015413
2020-12-11,13300,13300,12550,13000,32867,0.019607843137254832
2020-12-14,13950,13950,13050,13650,34523,0.050000000000000044
2020-12-15,13850,14500,13650,14000,131776,0.02564102564102555
2020-12-16,14450,14450,13600,14000,51528,0.0
2020-12-17,14000,16350,12500,12850,5851509,-0.08214285714285718
2020-12-18,13300,13350,11950,12500,1360691,-0.027237354085603127
2020-12-21,12250,12650,11200,11350,931768,-0.09199999999999997
2020-12-22,11050,11200,9990,10000,871376,-0.11894273127753308
2020-12-23,10200,10300,8680,8980,791375,-0.10199999999999998
2020-12-24,8980,9030,8250,8420,538632,-0.062360801781737196
2020-12-28,8430,8500,8110,8300,354392,-0.014251781472684133
2020-12-29,8270,9070,8240,8520,444352,0.026506024096385472
2020-12-30,8520,9050,8400,8960,362266,0.05164319248826299
2021-01-04,9020,9100,8800,8970,256428,0.0011160714285713969
2021-01-05,8790,9000,8740,8810,170632,-0.017837235228539527
2021-01-06,8860,8890,8640,8780,143382,-0.0034052213393870323
2021-01-07,8880,8900,8740,8800,127733,0.002277904328018332
2021-01-08,8800,8800,8390,8470,179017,-0.03749999999999998
2021-01-11,8430,8470,8040,8100,170351,-0.04368358913813464
2021-01-12,8100,8190,7860,7960,95790,-0.01728395061728394
2021-01-13,8080,8080,7870,8000,61993,0.005025125628140614
2021-01-14,7950,8400,7950,8400,87178,0.050000000000000044
2021-01-15,8360,8490,8190,8190,53213,-0.025000000000000022
2021-01-18,7920,8100,7810,7860,107937,-0.04029304029304026
2021-01-19,7860,7980,7600,7880,76138,0.0025445292620864812
2021-01-20,7940,7940,7720,7880,39981,0.0
2021-01-21,7980,7980,7800,7870,58934,-0.0012690355329949554
2021-01-22,7870,7870,7740,7760,51652,-0.013977128335451061
2021-01-25,7910,7910,7750,7850,38722,0.011597938144329856
2021-01-26,7850,7880,7700,7700,40771,-0.019108280254777066
2021-01-27,7770,7770,7620,7660,46122,-0.0051948051948051965
2021-01-28,7620,7620,7360,7390,59774,-0.03524804177545693
2021-01-29,7400,7450,6980,7200,92573,-0.025710419485791558
2021-02-01,7180,7220,7020,7160,32825,-0.005555555555555536
2021-02-02,7250,7360,7170,7300,46242,0.019553072625698276
2021-02-03,7320,7750,7320,7670,85177,0.050684931506849384
2021-02-04,7680,7680,7400,7520,36350,-0.019556714471968717
2021-02-05,7500,7920,7400,7770,105914,0.0332446808510638
2021-02-08,7880,7880,7640,7740,68205,-0.0038610038610038533
2021-02-09,7740,7740,7610,7620,27319,-0.015503875968992276
2021-02-10,7610,7790,7450,7580,39854,-0.005249343832021025
2021-02-15,7600,7610,7320,7580,67415,0.0
2021-02-16,7600,7600,7480,7550,27854,-0.00395778364116095
2021-02-17,7580,7590,7470,7510,26800,-0.005298013245033095
2021-02-18,7540,7540,7430,7500,38552,-0.0013315579227696217
2021-02-19,7320,7500,7320,7460,51684,-0.005333333333333301
2021-02-22,7500,7500,7350,7450,41497,-0.0013404825737265424
2021-02-23,7500,8240,7400,7500,276875,0.006711409395973256
2021-02-24,7550,7760,7510,7580,94420,0.010666666666666602
2021-02-25,7690,7840,7550,7570,42767,-0.0013192612137202797
2021-02-26,7490,7570,7290,7380,50237,-0.02509907529722588
2021-03-02,7420,7660,7310,7310,26798,-0.009485094850948506
2021-03-03,7370,7370,7220,7260,26263,-0.0068399452804377425
2021-03-04,7260,7460,7260,7450,45098,0.026170798898071723
2021-03-05,7510,7790,7350,7450,76697,0.0
2021-03-08,7510,7510,7330,7410,44998,-0.005369127516778538
2021-03-09,7500,7500,7250,7300,29193,-0.014844804318488558
2021-03-10,7250,7420,7250,7410,31564,0.015068493150685036
2021-03-11,7500,8630,7430,7680,1697525,0.036437246963562764
2021-03-12,7630,7930,7600,7830,318969,0.01953125
2021-03-15,7830,7920,7640,7690,78712,-0.017879948914431676
2021-03-16,7700,7700,7540,7620,64233,-0.00910273081924573
2021-03-17,7500,7600,7390,7450,118104,-0.022309711286089273
2021-03-18,7450,7470,7380,7430,82487,-0.0026845637583892135
2021-03-19,7360,7620,7330,7620,70891,0.025572005383580176
2021-03-22,9300,9900,8580,9900,4131651,0.29921259842519676
2021-03-23,10850,12200,10100,11200,11656688,0.13131313131313127
2021-03-24,11200,11550,10800,11250,2008792,0.0044642857142858094
2021-03-25,10950,11400,10900,11400,547955,0.01333333333333342
2021-03-26,11550,11900,11550,11900,518409,0.04385964912280693
2021-03-29,12400,13000,12350,12400,661236,0.04201680672268915
2021-03-30,12200,13150,12000,13100,1277818,0.056451612903225756
2021-03-31,13150,13200,11850,12500,760393,-0.04580152671755722
2021-04-01,12550,12900,12300,12450,522306,-0.0040000000000000036
2021-04-02,12550,14200,12200,12400,1522509,-0.004016064257028162
2021-04-05,12450,12550,11450,11700,545413,-0.056451612903225756
2021-04-06,11950,12350,11450,11900,567421,0.017094017094017033
2021-04-07,12300,13300,11900,12750,956097,0.0714285714285714
2021-04-08,12750,12800,11600,11750,630664,-0.07843137254901966
2021-04-09,11650,12050,11250,11400,359518,-0.029787234042553234
2021-04-12,11500,11500,10850,11150,281063,-0.021929824561403466
2021-04-13,11700,12200,10950,11300,556805,0.013452914798206317
2021-04-14,11050,11250,10300,10300,343071,-0.08849557522123896
2021-04-15,10050,10450,10050,10100,245252,-0.01941747572815533
2021-04-16,10200,10650,10050,10300,179207,0.01980198019801982
2021-04-19,10500,10550,10150,10350,128674,0.004854368932038833
2021-04-20,10500,11000,10250,10750,229479,0.03864734299516903
2021-04-21,10500,10650,10300,10350,126817,-0.037209302325581395
2021-04-22,10350,10750,10350,10350,141174,0.0
2021-04-23,10300,11450,10250,10700,449634,0.033816425120772875
2021-04-26,10700,10900,10500,10550,104075,-0.014018691588784993
2021-04-27,10450,10650,10300,10300,123530,-0.023696682464455
2021-04-28,10300,11000,10300,10700,194356,0.03883495145631066
2021-04-29,10650,11050,10450,10500,130398,-0.01869158878504673
2021-04-30,10650,10650,9760,9840,182097,-0.06285714285714283
2021-05-03,9890,10050,9550,9910,98261,0.007113821138211351
2021-05-04,10000,10000,9700,9970,45220,0.006054490413723412
2021-05-06,9970,9970,9600,9640,70109,-0.033099297893681046
2021-05-07,9720,9940,9690,9940,39831,0.03112033195020736
2021-05-10,9980,10350,9740,9990,64271,0.005030181086519203
2021-05-11,10000,10300,9890,9890,76876,-0.010010010010010006
2021-05-12,9900,9980,9690,9840,49618,-0.005055611729019249
2021-05-13,9820,10300,9620,10050,106447,0.021341463414634054
2021-05-14,10200,11250,10050,11000,350447,0.0945273631840795
2021-05-17,11000,11000,10550,10900,178973,-0.009090909090909038
2021-05-18,10750,11100,10550,10950,92500,0.004587155963302836
2021-05-20,10950,11500,10850,11500,195673,0.05022831050228316
2021-05-21,11450,11550,10850,10950,147439,-0.047826086956521685
2021-05-24,10950,10950,10050,10150,132573,-0.0730593607305936
2021-05-25,10000,10350,10000,10050,77082,-0.009852216748768461
2021-05-26,10050,10500,10050,10200,59211,0.014925373134328401
2021-05-27,10250,10400,10100,10250,33852,0.004901960784313708
2021-05-28,10300,10700,10300,10550,42191,0.029268292682926855
2021-05-31,10800,10950,10450,10700,97686,0.014218009478673022
2021-06-01,10850,11450,10750,10900,248908,0.01869158878504673
2021-06-02,10900,11500,10850,11150,239695,0.022935779816513735
2021-06-03,11200,11200,10750,11050,140552,-0.008968609865470878
2021-06-04,11000,11100,10350,10500,204414,-0.04977375565610864
2021-06-07,10800,10800,10150,10150,122824,-0.033333333333333326
2021-06-08,10100,10400,10050,10200,65590,0.0049261083743843415
2021-06-09,10300,10400,10100,10300,57638,0.009803921568627416
2021-06-10,10200,10300,9660,9720,252612,-0.05631067961165048
2021-06-11,9730,10150,9730,9910,87495,0.019547325102880597
2021-06-14,10100,10150,9920,10100,53658,0.019172552976791213
2021-06-15,10100,10150,9910,10050,45983,-0.004950495049504955
2021-06-16,10050,10100,9950,10000,53475,-0.00497512437810943
2021-06-17,9980,9980,9900,9940,59125,-0.006000000000000005
2021-06-18,9940,10050,9900,9910,51073,-0.003018108651911433
2021-06-21,9660,9760,9500,9550,151555,-0.03632694248234103
2021-06-22,9680,9720,9550,9580,55838,0.003141361256544517
2021-06-23,9600,9700,9500,9580,60413,0.0
2021-06-24,9530,9840,9500,9690,113605,0.01148225469728592
2021-06-25,9700,9850,9620,9670,58321,-0.0020639834881320818
2021-06-28,9830,9990,9700,9910,84202,0.024819027921406445
2021-06-29,9910,10200,9110,9630,285692,-0.028254288597376442
2021-06-30,9700,10000,9490,9690,80352,0.006230529595015577
2021-07-01,9770,9770,9450,9600,53716,-0.009287925696594423
2021-07-02,9600,9740,9400,9460,100397,-0.014583333333333282
2021-07-05,9460,9740,9460,9600,104493,0.014799154334038
2021-07-06,9600,9810,9600,9800,52364,0.02083333333333326
2021-07-07,9810,10200,9800,10150,167695,0.03571428571428581
2021-07-08,10350,10500,9970,10150,153204,0.0
2021-07-09,10000,10300,9900,9950,94255,-0.019704433497536922
2021-07-12,9950,10550,9950,10350,154431,0.04020100502512558
2021-07-13,10300,10900,10250,10700,202524,0.033816425120772875
2021-07-14,10650,11100,10600,10850,200453,0.014018691588784993
2021-07-15,10850,11000,10500,10850,143226,0.0
2021-07-16,10850,10950,10550,10750,156355,-0.009216589861751112
2021-07-19,10850,10950,10400,10750,169206,0.0
2021-07-20,10700,10750,10350,10700,76532,-0.0046511627906976605
2021-07-21,10700,10850,10500,10750,93754,0.004672897196261738
2021-07-22,10750,11000,10750,11000,86482,0.023255813953488413
2021-07-23,10950,11200,10850,11050,62345,0.00454545454545463
2021-07-26,10950,11150,10850,11100,78627,0.004524886877828038
2021-07-27,11300,11300,10700,10700,85235,-0.036036036036036
2021-07-28,10500,10850,10400,10450,50512,-0.02336448598130836
2021-07-29,10450,10600,10200,10300,26734,-0.014354066985645897
2021-07-30,10300,10550,10100,10350,39268,0.004854368932038833
2021-08-02,10200,10600,10150,10300,25307,-0.004830917874396157
2021-08-03,10300,10450,10100,10300,18735,0.0
2021-08-04,10250,10500,10100,10350,42891,0.004854368932038833
2021-08-05,10450,10550,10250,10550,25664,0.019323671497584627
2021-08-06,10550,10650,10400,10500,45031,-0.004739336492891044
2021-08-09,10450,10600,10200,10250,31676,-0.023809523809523836
2021-08-10,10500,10500,10050,10100,32705,-0.014634146341463428
2021-08-11,10150,10250,10100,10100,17529,0.0
2021-08-12,10100,10150,9800,9860,62056,-0.023762376237623783
2021-08-13,9900,9900,9510,9690,37674,-0.017241379310344862
2021-08-17,9690,9690,9500,9500,38073,-0.019607843137254943
2021-08-18,9510,9710,9350,9590,27540,0.0094736842105263
2021-08-19,9600,9600,9170,9270,32379,-0.033368091762252305
2021-08-20,9440,9440,8670,8670,78094,-0.06472491909385114
2021-08-23,8650,8900,8600,8850,20799,0.02076124567474058
2021-08-24,8910,9270,8910,9150,15349,0.03389830508474567
2021-08-25,9150,9560,9150,9490,26061,0.0371584699453551
2021-08-26,9510,9600,9220,9220,13867,-0.028451001053740765
2021-08-27,9250,9340,9100,9100,21585,-0.013015184381778733
2021-08-30,9200,9330,9060,9100,8745,0.0
2021-08-31,9100,9220,9060,9130,11641,0.003296703296703285
2021-09-01,9370,9370,9020,9020,13598,-0.012048192771084376
2021-09-02,9090,9240,9030,9240,12863,0.024390243902439046
2021-09-03,9240,9290,9140,9150,8695,-0.009740259740259716
2021-09-06,9150,9240,9000,9080,28584,-0.007650273224043769
2021-09-07,9090,9150,9000,9000,26908,-0.008810572687224627
2021-09-08,9090,9090,8950,9020,48273,0.0022222222222221255
2021-09-09,8970,9090,8950,9050,24316,0.003325942350332678
2021-09-10,9030,9140,8970,9080,36408,0.0033149171270718814
2021-09-13,9170,9170,8850,8920,30791,-0.017621145374449365
2021-09-14,9000,9000,8820,8860,14535,-0.006726457399103158
2021-09-15,8860,8920,8850,8860,12428,0.0
2021-09-16,8860,8900,8760,8870,14361,0.0011286681715576563
2021-09-17,8830,8870,8790,8850,10691,-0.0022547914317925244
2021-09-23,8520,8790,8520,8750,26603,-0.011299435028248594
2021-09-24,8790,9460,8750,9240,36098,0.05600000000000005
2021-09-27,9200,9500,8810,9000,28106,-0.025974025974025983
2021-09-28,9040,9140,8760,8770,24871,-0.025555555555555554
2021-09-29,8560,9000,8550,8620,48553,-0.01710376282782211
2021-09-30,8550,8700,8500,8530,36835,-0.01044083526682138
2021-10-01,8570,8990,8380,8420,41114,-0.01289566236811257
