Date,Open,High,Low,Close,Volume,Change
2014-01-21,7600,7600,7600,7600,100,
2014-01-22,0,0,0,7000,0,-0.07894736842105265
2014-01-23,6000,6000,6000,6000,200,-0.1428571428571429
2014-01-24,0,0,0,5400,0,-0.09999999999999998
2014-01-27,0,0,0,5000,0,-0.07407407407407407
2014-01-28,4750,4750,4750,4750,300,-0.050000000000000044
2014-01-29,5100,5100,5100,5100,300,0.0736842105263158
2014-02-03,5190,5190,5190,5190,300,0.01764705882352935
2014-02-04,0,0,0,4700,0,-0.09441233140655103
2014-02-05,4060,4060,4060,4060,300,-0.13617021276595742
2014-02-06,0,0,0,3700,0,-0.08866995073891626
2014-02-07,3210,3210,3210,3210,400,-0.1324324324324324
2014-02-10,3200,3200,3195,3195,900,-0.004672897196261627
2014-02-11,2740,2740,2740,2740,400,-0.14241001564945222
2014-02-12,2500,2500,2500,2500,400,-0.08759124087591241
2014-02-13,2700,2700,2700,2700,1000,0.08000000000000007
2014-02-14,2900,2900,2900,2900,300,0.07407407407407418
2014-02-17,2835,2835,2835,2835,400,-0.022413793103448265
2014-02-18,3100,3100,3100,3100,300,0.09347442680776008
2014-02-19,2855,2855,2855,2855,400,-0.07903225806451608
2014-02-20,0,0,0,2800,0,-0.019264448336252182
2014-02-21,0,0,0,2840,0,0.014285714285714235
2014-02-24,2690,2690,2690,2690,400,-0.052816901408450745
2014-02-25,2500,2500,2500,2500,2000,-0.07063197026022305
2014-02-26,2500,2500,2500,2500,3000,0.0
2014-02-27,2265,2265,2265,2265,500,-0.09399999999999997
2014-02-28,2170,2170,2170,2170,500,-0.04194260485651213
2014-03-03,2170,2170,2160,2160,2500,-0.004608294930875556
2014-03-04,2150,2160,2150,2160,4500,0.0
2014-03-05,2160,2160,2160,2160,2500,0.0
2014-03-06,2160,2160,2160,2160,2500,0.0
2014-03-07,0,0,0,2160,0,0.0
2014-03-10,0,0,0,2155,0,-0.0023148148148147696
2014-03-11,0,0,0,2150,0,-0.002320185614849146
2014-03-12,2100,2100,2100,2100,500,-0.023255813953488413
2014-03-13,2100,2100,2000,2000,8000,-0.04761904761904767
2014-03-14,0,0,0,2095,0,0.0475000000000001
2014-03-17,0,0,0,2160,0,0.031026252983293645
2014-03-18,0,0,0,2200,0,0.0185185185185186
2014-03-19,0,0,0,2200,0,0.0
2014-03-20,0,0,0,2200,0,0.0
2014-03-21,0,0,0,2200,0,0.0
2014-03-24,2100,2100,2100,2100,2000,-0.045454545454545414
2014-03-25,2080,2080,2080,2080,500,-0.00952380952380949
2014-03-26,0,0,0,2100,0,0.009615384615384581
2014-03-27,2080,2080,2080,2080,500,-0.00952380952380949
2014-03-28,2100,2100,2100,2100,1000,0.009615384615384581
2014-03-31,1800,1800,1800,1800,2000,-0.1428571428571429
2014-04-01,1800,1800,1800,1800,2000,0.0
2014-04-02,1800,1800,1800,1800,2000,0.0
2014-04-03,1800,1800,1800,1800,2000,0.0
2014-04-04,0,0,0,1800,0,0.0
2014-04-07,1800,1800,1800,1800,600,0.0
2014-04-08,1800,1800,1800,1800,600,0.0
2014-04-09,1800,1800,1800,1800,3000,0.0
2014-04-10,1900,1900,1900,1900,1000,0.05555555555555558
2014-04-11,2000,2100,2000,2100,7800,0.10526315789473695
2014-04-14,2300,2300,2300,2300,400,0.09523809523809534
2014-04-15,2500,2500,2500,2500,400,0.08695652173913038
2014-04-16,2500,2750,2500,2750,400,0.10000000000000009
2014-04-17,2900,2900,2900,2900,400,0.05454545454545445
2014-04-18,2900,3200,2900,3200,400,0.10344827586206895
2014-04-21,3300,3500,3300,3500,200,0.09375
2014-04-22,3700,3700,3700,3700,100,0.05714285714285716
2014-04-23,3680,3680,3680,3680,500,-0.00540540540540535
2014-04-24,3650,3650,3650,3650,300,-0.008152173913043459
2014-04-25,3295,3295,3295,3295,300,-0.09726027397260273
2014-04-28,2880,2880,2880,2880,400,-0.12594840667678298
2014-04-29,2450,2450,2450,2450,400,-0.14930555555555558
2014-04-30,2385,2385,2385,2385,500,-0.026530612244897944
2014-05-02,2380,2380,2380,2380,500,-0.002096436058700246
2014-05-07,2325,2325,2325,2325,200,-0.02310924369747902
2014-05-08,2260,2260,2260,2260,200,-0.027956989247311825
2014-05-09,2200,2200,2200,2200,200,-0.026548672566371723
2014-05-12,2135,2135,2135,2135,500,-0.02954545454545454
2014-05-13,2080,2080,2080,2080,200,-0.025761124121779888
2014-05-14,2000,2000,2000,2000,200,-0.038461538461538436
2014-05-15,1945,1945,1945,1945,600,-0.02749999999999997
2014-05-16,0,0,0,1945,0,0.0
2014-05-19,1900,1900,1900,1900,600,-0.023136246786632397
2014-05-20,1900,1900,1900,1900,100,0.0
2014-05-21,1850,1850,1850,1850,600,-0.02631578947368418
2014-05-22,0,0,0,1840,0,-0.00540540540540535
2014-05-23,0,0,0,1840,0,0.0
2014-05-26,0,0,0,1810,0,-0.016304347826086918
2014-05-27,1755,1755,1755,1755,600,-0.03038674033149169
2014-05-28,1745,1940,1745,1940,500,0.10541310541310533
2014-05-29,2200,2200,2200,2200,100,0.134020618556701
2014-05-30,0,0,0,2190,0,-0.004545454545454519
2014-06-02,2170,2400,2170,2400,300,0.09589041095890405
2014-06-03,2335,2335,2335,2335,100,-0.027083333333333348
2014-06-05,2600,2600,2600,2600,200,0.1134903640256959
2014-06-09,2540,2540,2540,2540,300,-0.023076923076923106
2014-06-10,2410,2500,2410,2500,500,-0.015748031496062964
2014-06-11,2450,2650,2450,2650,300,0.06000000000000005
2014-06-12,2640,2740,2640,2740,400,0.03396226415094339
2014-06-13,2740,2740,2740,2740,200,0.0
2014-06-16,2740,2800,2740,2800,300,0.021897810218978186
2014-06-17,2900,2900,2900,2900,100,0.03571428571428581
2014-06-18,2750,2750,2750,2750,400,-0.051724137931034475
2014-06-19,2725,2725,2725,2725,100,-0.009090909090909038
2014-06-20,2595,2595,2595,2595,200,-0.047706422018348627
2014-06-23,2900,2900,2900,2900,100,0.11753371868978801
2014-06-24,2740,3200,2740,3200,400,0.10344827586206895
2014-06-25,3300,3300,3300,3300,100,0.03125
2014-06-26,3300,3400,3300,3400,300,0.030303030303030276
2014-06-27,3020,3020,3020,3020,200,-0.11176470588235299
2014-06-30,3020,3400,3020,3400,200,0.1258278145695364
2014-07-01,3070,3070,3070,3070,200,-0.09705882352941175
2014-07-02,3005,3005,3005,3005,0,-0.021172638436482094
2014-07-03,3300,3300,3300,3300,100,0.09816971713810307
2014-07-04,3400,3400,3400,3400,100,0.030303030303030276
2014-07-07,3500,3500,3500,3500,100,0.02941176470588225
2014-07-08,3145,3145,2975,2975,400,-0.15000000000000002
2014-07-09,2815,2815,2815,2815,400,-0.05378151260504205
2014-07-10,2500,2500,2500,2500,100,-0.11190053285968027
2014-07-11,2410,2410,2410,2410,100,-0.03600000000000003
2014-07-14,2200,2200,2200,2200,300,-0.08713692946058094
2014-07-15,2000,2000,2000,2000,100,-0.09090909090909094
2014-07-16,2000,2200,2000,2200,200,0.10000000000000009
2014-07-17,2000,2000,2000,2000,200,-0.09090909090909094
2014-07-18,2175,2175,2175,2175,100,0.08749999999999991
2014-07-21,2300,2300,2300,2300,100,0.05747126436781613
2014-07-22,2350,2365,2350,2365,800,0.02826086956521734
2014-07-23,2380,2380,2380,2380,100,0.00634249471458781
2014-07-24,2370,2370,2370,2370,100,-0.004201680672268893
2014-07-25,2360,2360,2360,2360,100,-0.00421940928270037
2014-07-28,2360,2360,2360,2360,0,0.0
2014-07-29,2360,2360,2360,2360,0,0.0
2014-07-30,2300,2300,2300,2300,100,-0.025423728813559365
2014-07-31,2300,2300,2300,2300,500,0.0
2014-08-01,2400,2400,2400,2400,1000,0.04347826086956519
2014-08-04,2510,2510,2510,2510,500,0.04583333333333339
2014-08-05,2630,2630,2630,2630,500,0.047808764940239
2014-08-06,2720,2720,2370,2370,1200,-0.09885931558935357
2014-08-07,2480,2480,2480,2480,1000,0.04641350210970474
2014-08-08,2510,2510,2510,2510,1000,0.012096774193548487
2014-08-11,2550,2550,2550,2550,1000,0.015936254980079667
2014-08-12,2600,2600,2600,2600,1000,0.019607843137254832
2014-08-13,2710,2710,2710,2710,1000,0.04230769230769238
2014-08-14,2700,2700,2700,2700,0,-0.0036900369003689537
2014-08-18,2810,2810,2810,2810,200,0.040740740740740744
2014-08-19,2890,2890,2890,2890,400,0.028469750889679624
2014-08-20,2960,2960,2960,2960,100,0.02422145328719716
2014-08-21,3040,3040,3040,3040,500,0.027027027027026973
2014-08-22,3190,3190,3190,3190,300,0.049342105263157965
2014-08-25,2920,2920,2920,2920,400,-0.08463949843260188
2014-08-26,2920,2920,2920,2920,0,0.0
2014-08-27,2920,2920,2920,2920,0,0.0
2014-08-28,3050,3050,3050,3050,500,0.044520547945205546
2014-08-29,3200,3200,3200,3200,500,0.049180327868852514
2014-09-01,3200,3200,3150,3150,500,-0.015625
2014-09-02,3110,3110,3080,3080,500,-0.022222222222222254
2014-09-03,3030,3030,3020,3020,500,-0.01948051948051943
2014-09-04,3060,3060,3050,3050,1000,0.009933774834437026
2014-09-05,3100,3100,3080,3080,1000,0.009836065573770592
2014-09-11,3160,3160,3160,3160,200,0.025974025974025983
2014-09-12,3280,3280,3280,3280,200,0.03797468354430378
2014-09-15,3400,3400,3400,3400,200,0.03658536585365857
2014-09-16,3510,3510,3500,3500,1000,0.02941176470588225
2014-09-17,3485,3485,3485,3485,1000,-0.004285714285714337
2014-09-18,3630,3630,3630,3630,500,0.04160688665710177
2014-09-19,3805,3805,3805,3805,200,0.04820936639118467
2014-09-22,3635,3635,3635,3635,400,-0.0446780551905388
2014-09-23,3815,3815,3815,3815,400,0.049518569463548934
2014-09-24,4000,4000,4000,4000,200,0.04849279161205766
2014-09-25,4200,4200,4200,4200,200,0.050000000000000044
2014-09-26,4300,4300,4300,4300,200,0.023809523809523725
2014-09-29,4505,4505,4505,4505,400,0.04767441860465116
2014-09-30,4600,4600,4540,4540,600,0.007769145394006749
2014-10-01,4300,4300,4300,4300,0,-0.052863436123347984
2014-10-02,4060,4060,4060,4060,100,-0.05581395348837215
2014-10-06,3860,3860,3860,3860,300,-0.049261083743842415
2014-10-07,3790,3790,3790,3790,0,-0.01813471502590669
2014-10-08,3790,3790,3790,3790,0,0.0
2014-10-10,3790,3790,3790,3790,0,0.0
2014-10-13,3790,3790,3790,3790,0,0.0
2014-10-14,3580,3580,3580,3580,300,-0.0554089709762533
2014-10-15,3600,3600,3600,3600,100,0.005586592178770999
2014-10-16,3600,3600,3600,3600,0,0.0
2014-10-17,3400,3400,3400,3400,300,-0.05555555555555558
2014-10-20,3400,3400,3400,3400,0,0.0
2014-10-21,3340,3340,3340,3340,300,-0.01764705882352946
2014-10-22,3340,3340,3340,3340,0,0.0
2014-10-23,3340,3340,3340,3340,0,0.0
2014-10-24,3340,3340,3340,3340,100,0.0
2014-10-27,3340,3340,3340,3340,0,0.0
2014-10-28,3340,3340,3340,3340,0,0.0
2014-10-29,3210,3210,3210,3210,200,-0.038922155688622784
2014-10-30,3210,3210,3210,3210,0,0.0
2014-10-31,3320,3320,3320,3320,0,0.03426791277258556
2014-11-03,3145,3145,3145,3145,200,-0.052710843373493965
2014-11-04,3145,3145,3145,3145,0,0.0
2014-11-05,3145,3145,3145,3145,0,0.0
2014-11-06,2970,2970,2970,2970,100,-0.055643879173290944
2014-11-07,2835,2835,2835,2835,300,-0.045454545454545414
2014-11-10,2800,2800,2800,2800,0,-0.012345679012345734
2014-11-11,2800,2800,2800,2800,0,0.0
2014-11-12,2800,2800,2800,2800,0,0.0
2014-11-13,3000,3000,3000,3000,100,0.0714285714285714
2014-11-14,3000,3000,3000,3000,0,0.0
2014-11-17,3000,3000,3000,3000,0,0.0
2014-11-18,3000,3000,3000,3000,200,0.0
2014-11-19,3000,3000,3000,3000,0,0.0
2014-11-20,3000,3000,3000,3000,1,0.0
2014-11-21,3000,3000,3000,3000,0,0.0
2014-11-24,2900,2900,2900,2900,199,-0.033333333333333326
2014-11-25,2700,2700,2700,2700,200,-0.06896551724137934
2014-11-26,2700,2700,2700,2700,0,0.0
2014-11-27,2700,2700,2700,2700,0,0.0
2014-11-28,2295,2295,2295,2295,1,-0.15000000000000002
2014-12-01,1955,1955,1955,1955,1,-0.14814814814814814
2014-12-02,2200,2200,2200,2200,500,0.1253196930946292
2014-12-03,1870,2500,1870,2500,11,0.13636363636363646
2014-12-04,2625,2875,2625,2875,501,0.1499999999999999
2014-12-05,3305,3305,3250,3250,501,0.13043478260869557
2014-12-08,3735,3735,3730,3730,501,0.1476923076923078
2014-12-09,3295,3295,3175,3175,301,-0.1487935656836461
2014-12-10,3175,3175,2700,3170,501,-0.0015748031496063408
2014-12-11,2695,3170,2695,3170,1581,0.0
2014-12-12,3000,3000,3000,3000,300,-0.05362776025236593
2014-12-15,3450,3450,3450,3450,1,0.1499999999999999
2014-12-16,3965,3965,3965,3965,1,0.14927536231884053
2014-12-17,3460,3460,3450,3450,100,-0.12988650693568726
2014-12-18,3020,3020,3020,3020,400,-0.12463768115942031
2014-12-19,3020,3020,3020,3020,400,0.0
2014-12-22,3000,3000,3000,3000,400,-0.0066225165562914245
2014-12-23,2840,2840,2840,2840,90,-0.053333333333333344
2014-12-24,2840,2840,2840,2840,0,0.0
2014-12-26,2840,2840,2840,2840,0,0.0
2014-12-29,2840,2840,2840,2840,0,0.0
2014-12-30,2840,2840,2840,2840,0,0.0
2015-01-02,2840,2840,2840,2840,0,0.0
2015-01-05,2840,2840,2840,2840,0,0.0
2015-01-06,2840,2840,2840,2840,0,0.0
2015-01-07,2830,2830,2830,2830,0,-0.0035211267605633756
2015-01-08,2830,2830,2830,2830,0,0.0
2015-01-09,2820,2820,2820,2820,0,-0.0035335689045936647
2015-01-12,2720,2720,2720,2720,1300,-0.03546099290780147
2015-01-13,2720,2720,2720,2720,0,0.0
2015-01-14,2720,2720,2720,2720,0,0.0
2015-01-15,2720,3000,2720,3000,691,0.10294117647058831
2015-01-16,2735,3100,2650,3080,1305,0.026666666666666616
2015-01-19,3050,3050,3050,3050,500,-0.009740259740259716
2015-01-20,3000,3000,3000,3000,100,-0.016393442622950838
2015-01-21,3000,3100,3000,3100,1584,0.03333333333333344
2015-01-22,3100,3100,3100,3100,100,0.0
2015-01-23,3100,3100,3100,3100,66,0.0
2015-01-26,3110,3110,3110,3110,60,0.003225806451612856
2015-01-27,3100,3100,3100,3100,50,-0.003215434083601254
2015-01-28,3095,3095,3095,3095,50,-0.001612903225806428
2015-01-29,3110,3110,3110,3110,51,0.004846526655896577
2015-01-30,3100,3100,3100,3100,50,-0.003215434083601254
2015-02-02,3100,3100,3100,3100,50,0.0
2015-02-03,3400,3400,3400,3400,60,0.09677419354838701
2015-02-04,3700,3700,3700,3700,60,0.08823529411764697
2015-02-05,3400,3500,3400,3500,51,-0.05405405405405406
2015-02-06,3350,3350,3350,3350,50,-0.042857142857142816
2015-02-09,3450,3450,3450,3450,55,0.029850746268656803
2015-02-10,3750,3750,3450,3450,55,0.0
2015-02-11,3450,3450,3450,3450,50,0.0
2015-02-12,3500,3500,3500,3500,55,0.01449275362318847
2015-02-13,3500,3500,3450,3450,57,-0.014285714285714235
2015-02-16,3500,3500,3500,3500,51,0.01449275362318847
2015-02-17,3800,3800,3800,3800,55,0.08571428571428563
2015-02-23,3600,3900,3400,3900,186,0.026315789473684292
2015-02-24,3900,3900,3900,3900,40,0.0
2015-02-25,3800,3800,3800,3800,40,-0.02564102564102566
2015-02-26,3800,3800,3800,3800,40,0.0
2015-02-27,3900,4200,3900,4200,195,0.10526315789473695
2015-03-02,4000,4000,4000,4000,100,-0.04761904761904767
2015-03-03,3900,4400,3900,4000,501,0.0
2015-03-04,4000,4000,4000,4000,88,0.0
2015-03-05,4100,4100,4100,4100,50,0.02499999999999991
2015-03-06,3700,3700,3700,3700,0,-0.09756097560975607
2015-03-09,4200,4200,4200,4200,50,0.1351351351351351
2015-03-10,4000,4000,4000,4000,50,-0.04761904761904767
2015-03-11,3900,4000,3900,4000,100,0.0
2015-03-12,3900,3900,3900,3900,10,-0.025000000000000022
2015-03-13,3900,3900,3900,3900,10,0.0
2015-03-16,3900,4000,3900,4000,60,0.02564102564102555
2015-03-17,4100,4100,4100,4100,10,0.02499999999999991
2015-03-18,4000,4000,4000,4000,10,-0.024390243902439046
2015-03-19,4000,4000,4000,4000,1,0.0
2015-03-20,4300,4300,4300,4300,100,0.07499999999999996
2015-03-23,4300,4300,4300,4300,10,0.0
2015-03-24,4280,4280,4280,4280,1,-0.0046511627906976605
2015-03-25,4300,4300,4300,4300,10,0.004672897196261738
2015-03-26,4300,4300,4300,4300,1,0.0
2015-03-27,3900,4300,3900,4300,310,0.0
2015-03-30,4000,4000,4000,4000,0,-0.06976744186046513
2015-03-31,3900,3900,3900,3900,1,-0.025000000000000022
2015-04-01,3900,3900,3900,3900,0,0.0
2015-04-02,3870,3870,3870,3870,200,-0.007692307692307665
2015-04-03,3855,3855,3855,3855,1,-0.003875968992248069
2015-04-06,3950,3950,3950,3950,1,0.024643320363164634
2015-04-07,3920,3920,3920,3920,1,-0.0075949367088608
2015-04-08,4210,4210,4130,4130,55,0.0535714285714286
2015-04-09,4120,4120,4120,4120,1,-0.002421307506053294
2015-04-10,4000,4000,4000,4000,250,-0.029126213592232997
2015-04-13,3950,3950,3950,3950,1,-0.012499999999999956
2015-04-14,4000,4000,4000,4000,1,0.012658227848101333
2015-04-15,4050,4050,4050,4050,1,0.012499999999999956
2015-04-16,4000,4000,4000,4000,1,-0.012345679012345734
2015-04-17,4050,4050,4050,4050,1,0.012499999999999956
2015-04-20,3900,3900,3900,3900,0,-0.03703703703703709
2015-04-21,3890,3890,3890,3890,1,-0.002564102564102555
2015-04-22,4000,4000,4000,4000,1,0.028277634961439535
2015-04-23,3900,3900,3900,3900,0,-0.025000000000000022
2015-04-24,3890,3890,3890,3890,1,-0.002564102564102555
2015-04-27,3950,3950,3950,3950,50,0.015424164524421524
2015-04-28,4000,4000,4000,4000,50,0.012658227848101333
2015-04-29,4050,4050,4050,4050,1,0.012499999999999956
2015-04-30,4000,4000,4000,4000,1,-0.012345679012345734
2015-05-04,4200,4200,4200,4200,39,0.050000000000000044
2015-05-06,4300,4300,4300,4300,50,0.023809523809523725
2015-05-07,4200,4200,4200,4200,50,-0.023255813953488413
2015-05-08,4150,4150,4150,4150,1,-0.011904761904761862
2015-05-11,4200,4200,4200,4200,10,0.012048192771084265
2015-05-12,4100,4100,4100,4100,0,-0.023809523809523836
2015-05-13,4250,4250,4250,4250,10,0.03658536585365857
2015-05-14,4100,4100,4100,4100,0,-0.03529411764705881
2015-05-15,4050,4050,4050,4050,50,-0.012195121951219523
2015-05-18,4250,4250,4250,4250,10,0.04938271604938271
2015-05-19,4150,4150,4150,4150,10,-0.02352941176470591
2015-05-20,4150,4150,4150,4150,10,0.0
2015-05-21,4100,4100,4100,4100,0,-0.012048192771084376
2015-05-22,4100,4100,4100,4100,10,0.0
2015-05-26,4050,4050,4050,4050,40,-0.012195121951219523
2015-05-27,4000,4250,4000,4250,219,0.04938271604938271
2015-05-28,4250,4250,4250,4250,10,0.0
2015-05-29,4100,4100,4100,4100,0,-0.03529411764705881
2015-06-01,4250,4250,4250,4250,10,0.03658536585365857
2015-06-02,4300,4300,4300,4300,10,0.0117647058823529
2015-06-03,4250,4250,4250,4250,10,-0.011627906976744207
2015-06-04,4250,4250,4250,4250,0,0.0
2015-06-05,4230,4230,4230,4230,60,-0.004705882352941226
2015-06-08,4250,4250,4250,4250,10,0.004728132387706863
2015-06-09,4250,4250,4250,4250,0,0.0
2015-06-10,4250,4250,4250,4250,50,0.0
2015-06-11,4250,4250,4250,4250,0,0.0
2015-06-12,4250,4250,4250,4250,10,0.0
2015-06-15,4250,4250,4250,4250,10,0.0
2015-06-16,4150,4150,4150,4150,10,-0.02352941176470591
2015-06-17,4130,4130,4130,4130,99770,-0.004819277108433773
2015-06-18,4130,4130,4130,4130,0,0.0
2015-06-19,4130,4130,4130,4130,0,0.0
2015-06-22,4130,4130,4130,4130,0,0.0
2015-06-23,4130,4130,4130,4130,29510,0.0
2015-06-24,4130,4130,4130,4130,0,0.0
2015-06-25,4130,4130,4130,4130,0,0.0
2015-06-26,4130,4130,4130,4130,0,0.0
2015-06-29,4130,4130,4130,4130,0,0.0
2015-06-30,4150,4150,4150,4150,31460,0.004842615012106588
2015-07-01,4150,4150,4150,4150,0,0.0
2015-07-02,4150,4150,4150,4150,0,0.0
2015-07-03,4150,4150,4150,4150,0,0.0
2015-07-06,4150,4150,4150,4150,0,0.0
2015-07-07,4150,4150,4150,4150,0,0.0
2015-07-08,4150,4150,4150,4150,0,0.0
2015-07-09,4150,4150,4150,4150,0,0.0
2015-07-10,4150,4150,4150,4150,0,0.0
2015-07-13,4150,4150,4150,4150,0,0.0
2015-07-14,4150,4150,4150,4150,0,0.0
2015-07-15,4150,4150,4150,4150,0,0.0
2015-07-16,4150,4150,4150,4150,0,0.0
2015-07-17,4100,4100,4100,4100,0,-0.012048192771084376
2015-07-20,4100,4100,4100,4100,0,0.0
2015-07-21,4095,4095,4095,4095,0,-0.0012195121951219523
2015-07-22,3920,3920,3920,3920,300,-0.042735042735042694
2015-07-23,3825,3825,3825,3825,254,-0.02423469387755106
2015-07-24,3960,3960,3960,3960,100,0.03529411764705892
2015-07-27,3950,3950,3950,3950,14,-0.002525252525252486
2015-07-28,3950,3950,3950,3950,20,0.0
2015-07-29,3950,3950,3950,3950,0,0.0
2015-07-30,3775,3775,3775,3775,10,-0.044303797468354444
2015-07-31,3950,3950,3950,3950,10,0.04635761589403975
2015-08-03,3950,3950,3950,3950,0,0.0
2015-08-04,3730,3730,3730,3730,300,-0.05569620253164553
2015-08-05,3730,3730,3730,3730,300,0.0
2015-08-06,3950,3950,3950,3950,10,0.05898123324396787
2015-08-07,3970,4100,3970,4100,40,0.03797468354430378
2015-08-10,4120,4150,4120,4150,30,0.012195121951219523
2015-08-11,4170,4250,4170,4250,30,0.024096385542168752
2015-08-12,4010,4010,4010,4010,300,-0.05647058823529416
2015-08-13,4050,4250,4050,4250,16,0.05985037406483795
2015-08-17,4250,4250,4250,4250,10,0.0
2015-08-18,4250,4250,4250,4250,0,0.0
2015-08-19,4250,4250,4250,4250,0,0.0
2015-08-20,4010,4010,4010,4010,300,-0.05647058823529416
2015-08-21,4250,4250,4250,4250,10,0.05985037406483795
2015-08-24,4200,4200,4200,4200,0,-0.0117647058823529
2015-08-25,4250,4250,4250,4250,10,0.011904761904761862
2015-08-26,3965,4195,3965,4195,310,-0.012941176470588234
2015-08-27,3965,3965,3965,3965,300,-0.0548271752085816
2015-08-28,3965,3965,3965,3965,300,0.0
2015-08-31,3965,3965,3965,3965,300,0.0
2015-09-01,3870,3965,3870,3965,310,0.0
2015-09-02,3965,3965,3965,3965,10,0.0
2015-09-03,3750,3750,3750,3750,300,-0.05422446406052961
2015-09-04,3850,3850,3850,3850,10,0.026666666666666616
2015-09-07,4000,4000,4000,4000,10,0.03896103896103886
2015-09-08,3960,3960,3960,3960,5,-0.010000000000000009
2015-09-09,4250,4250,4250,4250,10,0.07323232323232332
2015-09-10,4250,4250,4250,4250,1,0.0
2015-09-11,4250,4250,4250,4250,1,0.0
2015-09-14,4250,4250,4250,4250,1,0.0
2015-09-15,3955,3955,3955,3955,300,-0.0694117647058824
2015-09-16,3960,3960,3960,3960,2851,0.0012642225031604948
2015-09-17,3740,3740,3740,3740,300,-0.05555555555555558
2015-09-18,3690,3690,3690,3690,10,-0.013368983957219305
2015-09-21,3700,3700,3700,3700,10,0.0027100271002709064
2015-09-22,4000,4000,4000,4000,10,0.08108108108108114
2015-09-23,3775,3960,3775,3960,6500,-0.010000000000000009
2015-09-24,3740,3740,3740,3740,300,-0.05555555555555558
2015-09-25,3900,3900,3900,3900,10,0.04278074866310155
2015-09-30,3900,3900,3900,3900,10,0.0
2015-10-01,3680,3895,3680,3895,310,-0.0012820512820512775
2015-10-02,3595,3595,3595,3595,1045,-0.07702182284980741
2015-10-05,3800,3800,3800,3800,354,0.057023643949930536
2015-10-06,3800,3800,3800,3800,10,0.0
2015-10-07,3800,3800,3800,3800,4200,0.0
2015-10-08,4000,4000,4000,4000,10,0.05263157894736836
2015-10-12,4160,4160,4160,4160,10,0.040000000000000036
2015-10-13,4190,4190,4190,4190,10,0.007211538461538547
2015-10-14,3960,3960,3960,3960,3950,-0.054892601431980936
2015-10-15,4100,4100,4100,4100,10,0.03535353535353525
2015-10-16,4200,4200,4200,4200,10,0.024390243902439046
2015-10-19,4320,4320,4320,4320,10,0.02857142857142847
2015-10-20,3955,3955,3955,3955,300,-0.0844907407407407
2015-10-21,4210,4210,4210,4210,10,0.06447534766118834
2015-10-22,3975,4210,3975,4210,200,0.0
2015-10-23,4210,4245,4210,4245,20,0.008313539192398967
2015-10-26,4000,4000,4000,4000,300,-0.05771495877502941
2015-10-27,3775,3775,3775,3775,300,-0.05625000000000002
2015-10-28,4000,4000,4000,4000,10,0.0596026490066226
2015-10-29,3775,3775,3775,3775,83,-0.05625000000000002
2015-10-30,3835,3835,3835,3835,10,0.015894039735099286
2015-11-02,3890,3890,3890,3890,10,0.014341590612777066
2015-11-03,3950,3950,3950,3950,10,0.015424164524421524
2015-11-04,3900,3900,3730,3730,310,-0.05569620253164553
2015-11-05,3845,3845,3845,3845,10,0.030831099195710365
2015-11-06,3845,3845,3845,3845,10,0.0
2015-11-09,3845,3845,3845,3845,10,0.0
2015-11-10,3845,3845,3845,3845,10,0.0
2015-11-11,3630,3630,3630,3630,245,-0.0559167750325098
2015-11-12,3900,3900,3900,3900,10,0.07438016528925617
2015-11-13,3680,3680,3680,3680,300,-0.05641025641025643
2015-11-16,3960,3960,3960,3960,10,0.07608695652173902
2015-11-17,3800,3800,3800,3800,10,-0.04040404040404044
2015-11-18,3850,3850,3850,3850,10,0.013157894736842035
2015-11-19,3500,3500,3500,3500,10,-0.09090909090909094
2015-11-20,3500,3500,3500,3500,0,0.0
2015-11-23,3500,3500,3500,3500,10,0.0
2015-11-24,3500,3500,3500,3500,0,0.0
2015-11-25,3400,3400,3400,3400,352,-0.02857142857142858
2015-11-26,3500,3500,3400,3400,160,0.0
2015-11-27,3400,3400,3400,3400,0,0.0
2015-11-30,3700,3700,3700,3700,10,0.08823529411764697
2015-12-01,3700,3700,3700,3700,0,0.0
2015-12-02,3600,3600,3600,3600,10,-0.027027027027026973
2015-12-03,3600,3600,3495,3495,410,-0.029166666666666674
2015-12-04,3495,3495,3495,3495,0,0.0
2015-12-07,3300,3300,3300,3300,100,-0.05579399141630903
2015-12-08,3300,3400,3300,3400,610,0.030303030303030276
2015-12-09,3400,3400,3210,3210,410,-0.055882352941176494
2015-12-10,3210,3210,3115,3115,190,-0.029595015576323935
2015-12-11,3000,3400,3000,3400,122,0.09149277688603541
2015-12-14,3400,3500,3400,3500,265,0.02941176470588225
2015-12-15,3700,3700,3700,3700,100,0.05714285714285716
2015-12-16,3400,3500,3400,3500,110,-0.05405405405405406
2015-12-17,3700,3700,3700,3700,20,0.05714285714285716
2015-12-18,3585,3585,3585,3585,400,-0.031081081081081097
2015-12-21,3700,3700,3700,3700,10,0.03207810320781035
2015-12-22,3900,3900,3900,3900,10,0.054054054054053946
2015-12-23,3900,3900,3900,3900,10,0.0
2015-12-24,3675,3675,3675,3675,400,-0.05769230769230771
2015-12-28,3700,3700,3700,3700,10,0.006802721088435382
2015-12-29,3300,3600,3300,3600,310,-0.027027027027026973
2015-12-30,3650,3650,3650,3650,10,0.01388888888888884
2016-01-04,3800,3800,3800,3800,10,0.041095890410958846
2016-01-05,3800,3800,3800,3800,10,0.0
2016-01-06,3850,3850,3850,3850,10,0.013157894736842035
2016-01-07,3680,3680,3680,3680,400,-0.04415584415584417
2016-01-08,3850,3850,3850,3850,10,0.04619565217391308
2016-01-11,3900,3900,3900,3900,10,0.01298701298701288
2016-01-12,3950,3950,3950,3950,90,0.012820512820512775
2016-01-13,4000,4000,4000,4000,10,0.012658227848101333
2016-01-14,3500,4500,3500,4500,1152,0.125
2016-01-15,4500,4500,4500,4500,10,0.0
2016-01-18,4300,4500,4300,4500,90,0.0
2016-01-19,4500,4500,4500,4500,10,0.0
2016-01-20,3900,4500,3900,4500,420,0.0
2016-01-21,4500,4500,4500,4500,10,0.0
2016-01-22,4300,4300,4000,4000,410,-0.11111111111111116
2016-01-25,4300,4300,4300,4300,160,0.07499999999999996
2016-01-26,4300,4300,4300,4300,10,0.0
2016-01-27,3850,3850,3850,3850,400,-0.10465116279069764
2016-01-28,3950,3950,3950,3950,10,0.025974025974025983
2016-01-29,3920,3920,3920,3920,400,-0.0075949367088608
2016-02-01,3920,3920,3920,3920,0,0.0
2016-02-02,3950,3950,3900,3900,1014,-0.005102040816326481
2016-02-03,3870,3870,3870,3870,300,-0.007692307692307665
2016-02-04,3700,3700,3700,3700,328,-0.043927648578811374
2016-02-05,3700,3700,3700,3700,300,0.0
2016-02-11,3700,3700,3700,3700,300,0.0
2016-02-12,3700,3700,3700,3700,300,0.0
2016-02-15,3700,3700,3700,3700,304,0.0
2016-02-16,3700,3700,3700,3700,300,0.0
2016-02-17,3680,3680,3680,3680,300,-0.00540540540540535
2016-02-18,3600,3600,3600,3600,25,-0.021739130434782594
2016-02-19,3400,3400,3400,3400,29,-0.05555555555555558
2016-02-22,3500,3500,3500,3500,50,0.02941176470588225
2016-02-23,3500,3500,3500,3500,600,0.0
2016-02-24,3500,3500,3500,3500,0,0.0
2016-02-25,3305,3305,3305,3305,400,-0.055714285714285716
2016-02-26,3280,3280,3280,3280,0,-0.0075642965204235635
2016-02-29,3280,3280,3200,3200,117,-0.024390243902439046
2016-03-02,3080,3080,3080,3080,0,-0.03749999999999998
2016-03-03,3500,3500,3500,3500,20,0.13636363636363646
2016-03-04,3305,3305,3305,3305,400,-0.055714285714285716
2016-03-07,3120,3120,3120,3120,400,-0.055975794251134636
2016-03-08,3120,3120,3120,3120,0,0.0
2016-03-09,3100,3100,3100,3100,0,-0.0064102564102563875
2016-03-10,3070,3070,3070,3070,500,-0.009677419354838679
2016-03-11,3070,3070,3070,3070,6732,0.0
2016-03-14,3050,3050,3050,3050,0,-0.006514657980456029
2016-03-15,3040,3040,3040,3040,0,-0.003278688524590123
2016-03-16,3495,3495,3495,3495,1,0.14967105263157898
2016-03-17,3300,3300,3300,3300,400,-0.05579399141630903
2016-03-18,3115,3115,3115,3115,400,-0.05606060606060603
2016-03-21,3115,3115,3115,3115,0,0.0
2016-03-22,3050,3050,3050,3050,0,-0.020866773675762396
2016-03-23,3050,3050,3050,3050,12860,0.0
2016-03-24,3050,3050,3010,3010,2650,-0.013114754098360604
2016-03-25,3000,3000,3000,3000,0,-0.0033222591362126463
2016-03-28,3050,3100,3050,3050,1050,0.016666666666666607
2016-03-29,3040,3040,3040,3040,0,-0.003278688524590123
2016-03-30,3040,3040,3040,3040,0,0.0
2016-03-31,3040,3040,3040,3040,0,0.0
2016-04-01,3000,3000,3000,3000,67,-0.013157894736842146
2016-04-04,2835,2835,2835,2835,133,-0.05500000000000005
2016-04-05,2835,2835,2835,2835,350,0.0
2016-04-06,2835,2835,2835,2835,100,0.0
2016-04-07,2800,2800,2800,2800,260,-0.012345679012345734
2016-04-08,2800,2800,2800,2800,10,0.0
2016-04-11,2800,2800,2800,2800,6430,0.0
2016-04-12,2800,2800,2800,2800,10,0.0
2016-04-14,2800,2800,2800,2800,10,0.0
2016-04-15,2800,2800,2800,2800,0,0.0
2016-04-18,3000,3000,2800,3000,3260,0.0714285714285714
2016-04-19,3200,3300,3200,3300,120,0.10000000000000009
2016-04-20,3400,3500,3400,3500,150,0.06060606060606055
2016-04-21,3500,3500,3500,3500,10,0.0
2016-04-22,3800,4000,3800,4000,380,0.1428571428571428
2016-04-25,4250,4400,4000,4400,1450,0.10000000000000009
2016-04-26,4400,4400,4400,4400,50,0.0
2016-04-27,4400,4400,4400,4400,0,0.0
2016-04-28,4395,4395,4395,4395,0,-0.001136363636363602
2016-04-29,4300,4300,4300,4300,0,-0.021615472127417545
2016-05-02,4000,4000,4000,4000,300,-0.06976744186046513
2016-05-03,4000,4000,4000,4000,0,0.0
2016-05-04,4000,4000,4000,4000,0,0.0
2016-05-09,4000,4000,4000,4000,0,0.0
2016-05-10,4000,4000,4000,4000,0,0.0
2016-05-11,4000,4000,4000,4000,0,0.0
2016-05-12,4000,4000,4000,4000,0,0.0
2016-05-13,4000,4000,4000,4000,0,0.0
2016-05-16,4000,4000,4000,4000,0,0.0
2016-05-17,3800,3800,3800,3800,0,-0.050000000000000044
2016-05-18,3750,3750,3750,3750,0,-0.013157894736842146
2016-05-19,3750,3750,3750,3750,150,0.0
2016-05-20,3750,3750,3750,3750,0,0.0
2016-05-23,3750,3750,3750,3750,0,0.0
2016-05-24,3700,3700,3700,3700,0,-0.013333333333333308
2016-05-25,3700,3700,3700,3700,3100,0.0
2016-05-26,3700,3700,3700,3700,0,0.0
2016-05-27,3700,3700,3700,3700,0,0.0
2016-05-30,3495,3495,3495,3495,300,-0.055405405405405395
2016-05-31,3300,3300,3300,3300,400,-0.05579399141630903
2016-06-01,3300,3300,3300,3300,0,0.0
2016-06-02,3290,3290,3290,3290,0,-0.00303030303030305
2016-06-03,3190,3190,3190,3190,0,-0.03039513677811545
2016-06-07,3190,3190,3190,3190,50,0.0
2016-06-08,3150,3150,3150,3150,1838,-0.01253918495297801
2016-06-09,3150,3150,3150,3150,0,0.0
2016-06-10,3150,3150,3150,3150,0,0.0
2016-06-13,3150,3150,3150,3150,1,0.0
2016-06-14,3150,3150,3150,3150,50,0.0
2016-06-15,3150,3150,3150,3150,50,0.0
2016-06-16,3150,3150,3150,3150,0,0.0
2016-06-17,3150,3150,3150,3150,0,0.0
2016-06-20,3500,3500,3500,3500,50,0.11111111111111116
2016-06-21,3500,3500,3500,3500,50,0.0
2016-06-22,3500,3500,3500,3500,0,0.0
2016-06-23,3500,3500,3500,3500,0,0.0
2016-06-24,3500,3500,3500,3500,0,0.0
2016-06-27,3500,3500,3500,3500,0,0.0
2016-06-28,3500,3500,3500,3500,0,0.0
2016-06-29,3500,3500,3500,3500,0,0.0
2016-06-30,3500,3500,3500,3500,50,0.0
2016-07-01,3500,3500,3500,3500,0,0.0
2016-07-04,3500,3500,3500,3500,0,0.0
2016-07-05,3500,3500,3500,3500,0,0.0
2016-07-06,3500,3500,3500,3500,0,0.0
2016-07-07,3500,3500,3500,3500,30,0.0
2016-07-08,3500,3500,3500,3500,0,0.0
2016-07-11,3500,3500,3500,3500,0,0.0
2016-07-12,3500,3500,3500,3500,0,0.0
2016-07-13,3500,3500,3500,3500,50,0.0
2016-07-14,3500,3500,3500,3500,0,0.0
2016-07-15,3500,3500,3500,3500,2640,0.0
2016-07-18,3500,3500,3500,3500,0,0.0
2016-07-19,3500,3500,3500,3500,0,0.0
2016-07-20,3305,3400,3305,3400,140,-0.02857142857142858
2016-07-21,3210,3210,3210,3210,400,-0.055882352941176494
2016-07-22,3210,3210,3210,3210,110,0.0
2016-07-25,3210,3210,3210,3210,50,0.0
2016-07-26,3210,3210,3210,3210,4000,0.0
2016-07-27,3210,3210,3210,3210,0,0.0
2016-07-28,3210,3210,3210,3210,0,0.0
2016-07-29,3000,3000,3000,3000,11980,-0.06542056074766356
2016-08-01,3000,3000,3000,3000,0,0.0
2016-08-02,3000,3000,3000,3000,1010,0.0
2016-08-03,3000,3000,3000,3000,0,0.0
2016-08-04,3000,3000,3000,3000,0,0.0
2016-08-05,3000,3000,3000,3000,0,0.0
2016-08-08,3000,3000,3000,3000,0,0.0
2016-08-09,3000,3000,3000,3000,0,0.0
2016-08-10,2990,2990,2990,2990,0,-0.0033333333333332993
2016-08-11,2990,2990,2990,2990,2000,0.0
2016-08-12,2990,2990,2990,2990,0,0.0
2016-08-16,2990,2990,2990,2990,0,0.0
2016-08-17,2990,2990,2990,2990,0,0.0
2016-08-18,2990,2990,2990,2990,0,0.0
2016-08-19,2825,2825,2825,2825,400,-0.05518394648829428
2016-08-22,2825,2825,2825,2825,0,0.0
2016-08-23,2825,2825,2825,2825,0,0.0
2016-08-24,2670,2670,2670,2670,1,-0.05486725663716818
2016-08-25,2670,2670,2670,2670,0,0.0
2016-08-26,2670,3070,2670,3070,401,0.14981273408239693
2016-08-29,2900,2900,2615,2615,401,-0.14820846905537455
2016-08-30,2615,3005,2615,3005,401,0.1491395793499044
2016-08-31,3000,3000,3000,3000,0,-0.0016638935108153063
2016-09-01,2835,2835,2835,2835,400,-0.05500000000000005
2016-09-02,2800,2835,2800,2835,2750,0.0
2016-09-05,2835,2835,2835,2835,400,0.0
2016-09-06,2835,2835,2675,2675,701,-0.0564373897707231
2016-09-07,2280,2280,2280,2280,1,-0.14766355140186915
2016-09-08,2620,2620,1950,1950,101,-0.14473684210526316
2016-09-09,1675,1675,1675,1675,1,-0.14102564102564108
2016-09-12,1680,1680,1680,1680,700,0.0029850746268655914
2016-09-13,1455,1930,1435,1435,12,-0.14583333333333337
2016-09-19,1225,1225,1225,1225,1,-0.14634146341463417
2016-09-20,1405,1405,1405,1405,900,0.14693877551020407
2016-09-21,1405,1405,1405,1405,800,0.0
2016-09-22,1405,1405,1405,1405,800,0.0
2016-09-23,1405,1605,1330,1605,811,0.14234875444839856
2016-09-26,1845,1845,1845,1845,2,0.14953271028037385
2016-09-27,1745,1745,1745,1745,600,-0.054200542005420016
2016-09-28,1605,1700,1485,1485,1650,-0.14899713467048714
2016-09-29,1595,1600,1315,1600,851,0.07744107744107742
2016-09-30,1800,1800,1800,1800,1,0.125
2016-10-04,1530,1530,1530,1530,1615,-0.15000000000000002
2016-10-05,1530,1755,1315,1750,1732,0.14379084967320255
2016-10-06,1490,2000,1490,2000,1201,0.1428571428571428
2016-10-07,1700,2200,1700,2200,288,0.10000000000000009
2016-10-10,1870,1870,1870,1870,600,-0.15000000000000002
2016-10-11,1765,1870,1765,1870,601,0.0
2016-10-12,1765,1765,1765,1765,600,-0.05614973262032086
2016-10-13,1670,1765,1670,1765,701,0.0
2016-10-14,1765,2025,1765,2025,8201,0.14730878186968832
2016-10-17,2325,2325,2325,2325,1,0.14814814814814814
2016-10-18,2195,2325,2195,2325,601,0.0
2016-10-19,2195,2195,2195,2195,500,-0.05591397849462365
2016-10-20,2075,2075,2075,2075,250,-0.0546697038724373
2016-10-21,2085,2380,2085,2380,1265,0.146987951807229
2016-10-24,2730,2730,2730,2730,1,0.1470588235294117
2016-10-25,2580,2730,2580,2730,501,0.0
2016-10-26,2580,2580,2580,2580,500,-0.05494505494505497
2016-10-27,2960,2965,2960,2965,2,0.14922480620155043
2016-10-28,3405,3405,3405,3405,1,0.1483979763912311
2016-10-31,3215,3215,3215,3215,400,-0.05580029368575623
2016-11-01,3035,3215,3035,3215,401,0.0
2016-11-02,3035,3035,3035,3035,400,-0.055987558320373276
2016-11-03,2865,3035,2865,3035,401,0.0
2016-11-04,3035,3035,3035,3035,13000,0.0
2016-11-07,2865,3035,2865,3035,401,0.0
2016-11-08,2865,2865,2865,2865,400,-0.05601317957166396
2016-11-09,2705,2865,2705,2865,402,0.0
2016-11-10,2705,2705,2705,2705,94,-0.05584642233856896
2016-11-11,2350,2350,2350,2350,1,-0.13123844731977818
2016-11-14,2005,2005,2005,2005,1,-0.14680851063829792
2016-11-15,1895,1895,1895,1895,188,-0.054862842892768104
2016-11-16,1625,1625,1625,1625,1,-0.1424802110817942
2016-11-17,1405,1405,1405,1405,2,-0.13538461538461544
2016-11-18,1405,1615,1405,1405,1604,0.0
2016-11-21,1205,1205,1205,1205,1,-0.14234875444839856
2016-11-22,1055,1055,1055,1055,146,-0.12448132780082988
2016-11-23,1210,1210,1210,1210,1100,0.14691943127962093
2016-11-24,1390,1390,1390,1390,1100,0.14876033057851235
2016-11-25,1215,1215,1215,1215,1,-0.12589928057553956
2016-11-28,1395,1395,1150,1150,901,-0.053497942386831254
2016-11-29,1150,1150,1085,1085,1001,-0.05652173913043479
2016-11-30,1085,1085,1085,1085,1000,0.0
2016-12-01,1245,1245,1245,1245,1000,0.14746543778801846
2016-12-02,1410,1410,1265,1265,1001,0.016064257028112428
2016-12-05,1445,1445,1285,1285,351,0.015810276679841806
2016-12-06,1285,1285,1285,1285,1000,0.0
2016-12-07,1215,1475,1215,1215,320,-0.054474708171206254
2016-12-08,1235,1395,1235,1305,1520,0.07407407407407418
2016-12-09,1125,1125,1125,1125,1,-0.13793103448275867
2016-12-12,1290,1290,1155,1155,1001,0.026666666666666616
2016-12-13,1325,1325,1160,1160,1001,0.0043290043290042934
2016-12-14,1270,1270,1165,1165,1001,0.004310344827586299
2016-12-15,1335,1335,1105,1105,1001,-0.05150214592274682
2016-12-16,1270,1270,1045,1045,1005,-0.05429864253393668
2016-12-19,1045,1200,1045,1200,1197,0.14832535885167464
2016-12-20,1375,1380,1375,1375,702,0.14583333333333326
2016-12-21,1580,1580,1580,1580,1,0.14909090909090916
2016-12-22,1345,1345,1345,1345,87,-0.1487341772151899
2016-12-23,1145,1295,1145,1295,12,-0.03717472118959109
2016-12-26,1105,1105,1105,1105,1,-0.14671814671814676
2016-12-27,1045,1100,1045,1100,1001,-0.004524886877828038
2016-12-28,1040,1100,1040,1100,1001,0.0
2016-12-29,1040,1100,1040,1100,1001,0.0
2017-01-02,1070,1250,1000,1250,1051,0.13636363636363646
2017-01-03,1100,1100,1100,1100,300,-0.12
2017-01-04,950,1100,950,1100,151,0.0
2017-01-05,950,1100,940,1100,501,0.0
2017-01-06,1070,1100,1070,1100,1001,0.0
2017-01-09,1000,1000,1000,1000,1000,-0.09090909090909094
2017-01-10,970,1000,970,1000,1101,0.0
2017-01-11,970,1000,970,1000,1101,0.0
2017-01-12,970,1000,970,1000,1101,0.0
2017-01-13,949,949,949,949,1100,-0.051000000000000045
2017-01-16,976,976,921,976,1102,0.028451001053740876
2017-01-17,950,950,830,830,10992,-0.14959016393442626
2017-01-18,805,954,706,706,3546,-0.14939759036144573
2017-01-19,811,811,751,810,10471,0.14730878186968832
2017-01-20,810,931,700,931,23009,0.1493827160493828
2017-01-23,1070,1070,1070,1070,1,0.14930182599355524
2017-01-24,1000,1000,1000,1000,1000,-0.06542056074766356
2017-01-25,1070,1070,860,1050,752,0.050000000000000044
2017-01-26,1050,1200,1050,1200,2,0.1428571428571428
2017-01-31,1020,1375,1020,1375,2,0.14583333333333326
2017-02-01,1170,1170,1170,1170,1,-0.14909090909090905
2017-02-02,995,995,995,995,2,-0.1495726495726496
2017-02-03,900,1140,900,1140,165,0.14572864321608048
2017-02-06,999,1000,999,1000,901,-0.1228070175438597
2017-02-07,850,1000,850,1000,997,0.0
2017-02-08,970,1020,855,1020,3701,0.020000000000000018
2017-02-09,870,870,870,870,400,-0.1470588235294118
2017-02-10,844,844,844,844,1200,-0.029885057471264354
2017-02-13,718,840,718,800,4200,-0.05213270142180093
2017-02-14,790,790,776,776,1201,-0.030000000000000027
2017-02-15,775,775,701,775,20047,-0.0012886597938144284
2017-02-16,681,750,681,750,61511,-0.032258064516129004
2017-02-17,750,862,750,800,7,0.06666666666666665
2017-02-20,750,920,750,920,6700,0.1499999999999999
2017-02-21,782,1050,782,1050,18,0.14130434782608692
2017-02-22,1175,1175,1175,1175,31,0.11904761904761907
2017-02-23,1000,1325,1000,1325,13,0.12765957446808507
2017-02-24,1290,1360,1290,1360,801,0.026415094339622636
2017-02-27,1555,1555,1160,1545,7,0.13602941176470584
2017-02-28,1505,1585,1505,1585,701,0.025889967637540368
2017-03-02,1540,1540,1540,1540,700,-0.028391167192429068
2017-03-03,1495,1580,1495,1580,701,0.025974025974025983
2017-03-06,1535,1610,1535,1610,701,0.018987341772152
2017-03-07,1565,1650,1370,1650,712,0.024844720496894457
2017-03-08,1605,1700,1405,1700,750,0.030303030303030276
2017-03-09,1750,1750,1655,1750,706,0.02941176470588225
2017-03-10,1700,1800,1700,1800,602,0.02857142857142847
2017-03-13,1750,1850,1530,1850,607,0.02777777777777768
2017-03-14,2120,2120,2120,2120,5,0.145945945945946
2017-03-15,2060,2175,1805,2175,507,0.02594339622641506
2017-03-16,2115,2235,2115,2235,501,0.02758620689655178
2017-03-17,2170,2295,1900,2295,502,0.02684563758389258
2017-03-20,2230,2360,2230,2360,502,0.028322440087146017
2017-03-21,2295,2395,2010,2395,503,0.014830508474576343
2017-03-22,2325,2460,2040,2460,512,0.02713987473903967
2017-03-23,2390,2500,2390,2500,501,0.016260162601626105
2017-03-24,2700,2700,2700,2700,3,0.08000000000000007
2017-03-27,2625,2780,2625,2780,401,0.029629629629629672
2017-03-28,2700,2780,2700,2780,401,0.0
2017-03-29,2700,2750,2700,2750,401,-0.010791366906474864
2017-03-30,2670,2830,2670,2830,401,0.029090909090909056
2017-03-31,2750,2800,2750,2800,401,-0.010600706713780883
2017-04-03,2720,2720,2720,2720,400,-0.02857142857142858
2017-04-04,2645,2800,2315,2315,411,-0.14889705882352944
2017-04-05,2660,2660,2660,2660,19,0.1490280777537798
2017-04-06,2585,2735,2265,2735,416,0.02819548872180455
2017-04-07,2655,2730,2655,2730,401,-0.001828153564899404
2017-04-10,2625,2625,2625,2625,400,-0.038461538461538436
2017-04-11,2550,2550,2235,2550,411,-0.02857142857142858
2017-04-12,2930,2930,2930,2930,1,0.14901960784313717
2017-04-13,2845,2845,2845,2845,400,-0.029010238907849817
2017-04-14,2545,2545,2545,2545,400,-0.10544815465729351
2017-04-17,2475,2620,2475,2620,501,0.02946954813359537
2017-04-18,2490,2490,2490,2490,400,-0.04961832061068705
2017-04-19,2420,2420,2420,2420,500,-0.028112449799196804
2017-04-20,2350,2350,2350,2350,500,-0.02892561983471076
2017-04-21,2285,2340,2285,2340,501,-0.004255319148936176
2017-04-24,2195,2195,2195,2195,600,-0.06196581196581197
2017-04-25,2095,2095,2095,2095,500,-0.04555808656036442
2017-04-26,2395,2395,2000,2390,1283,0.1408114558472553
2017-04-27,2735,2735,2735,2735,1,0.14435146443514646
2017-04-28,2655,2810,2325,2810,686,0.027422303473491727
2017-05-02,2390,3215,2390,3215,16,0.1441281138790036
2017-05-04,3670,3670,3670,3670,1,0.14152410575427687
2017-05-08,3295,3295,3295,3295,1,-0.10217983651226159
2017-05-10,3195,3195,3195,3195,400,-0.030349013657056112
2017-05-11,3095,3095,3095,3095,400,-0.031298904538341166
2017-05-12,2895,3175,2895,3175,413,0.025848142164781818
2017-05-15,3085,3085,3085,3085,400,-0.028346456692913358
2017-05-16,2985,2985,2985,2985,400,-0.03241491085899517
2017-05-17,3290,3290,3290,3290,1,0.102177554438861
2017-05-18,3195,3285,3195,3285,401,-0.001519756838905817
2017-05-19,3190,3245,3190,3245,410,-0.0121765601217656
2017-05-22,3695,3695,3695,3695,5,0.13867488443759624
2017-05-23,3145,3145,3145,3145,300,-0.14884979702300405
2017-05-24,3055,3055,3055,3055,400,-0.02861685214626386
2017-05-25,2970,3050,2970,3050,401,-0.0016366612111292644
2017-05-26,2965,3045,2965,3045,410,-0.0016393442622950616
2017-05-29,2785,2785,2785,2785,400,-0.08538587848932677
2017-05-30,3195,3195,3195,3195,1,0.14721723518850993
2017-05-31,3105,3180,2720,3180,406,-0.0046948356807511304
2017-06-01,3090,3160,3090,3160,401,-0.0062893081761006275
2017-06-02,3070,3070,3070,3070,400,-0.02848101265822789
2017-06-05,3495,3495,3495,3495,1,0.13843648208469062
2017-06-07,3090,3090,3090,3090,300,-0.11587982832618027
2017-06-08,2630,2630,2630,2630,400,-0.1488673139158576
2017-06-09,2300,3015,2300,3015,51,0.14638783269961975
2017-06-12,3400,3400,3400,3400,1,0.1276948590381426
2017-06-13,2890,2890,2890,2890,400,-0.15000000000000002
2017-06-14,2795,2795,2795,2795,400,-0.03287197231833905
2017-06-15,3205,3205,2380,3205,12,0.1466905187835421
2017-06-16,2725,2725,2725,2725,400,-0.1497659906396256
2017-06-19,3125,3125,3125,3125,1,0.14678899082568808
2017-06-20,3575,3575,3575,3575,1,0.1439999999999999
2017-06-21,4105,4105,4105,4105,1,0.14825174825174825
2017-06-22,4715,4715,4715,4715,1,0.14859926918392197
2017-06-23,4010,4010,4010,4010,300,-0.14952279957582182
2017-06-26,4605,4605,4605,4605,1,0.14837905236907734
2017-06-27,5280,5280,5280,5280,1,0.14657980456026065
2017-06-28,4490,4490,4490,4490,200,-0.14962121212121215
2017-06-29,3820,3820,3820,3820,300,-0.1492204899777283
2017-06-30,3250,3250,3250,3250,300,-0.1492146596858639
2017-07-03,2785,2785,2785,2785,400,-0.1430769230769231
2017-07-04,3195,3195,3195,3195,1,0.14721723518850993
2017-07-05,3665,3665,3665,3665,1,0.14710485133020335
2017-07-06,4205,4205,3120,4205,17,0.1473396998635743
2017-07-07,4495,4495,4495,4495,1,0.06896551724137923
2017-07-10,4990,4990,4990,4990,1,0.11012235817575089
2017-07-11,5720,5720,5720,5720,1,0.14629258517034072
2017-07-12,5710,5710,5710,5710,1,-0.0017482517482517723
2017-07-13,6550,6550,6550,6550,1,0.1471103327495622
2017-07-14,7510,7510,7510,7510,1,0.14656488549618318
2017-07-17,0,0,0,7510,0,0.0
2017-07-18,6390,6390,6390,6390,200,-0.14913448735019974
2017-07-19,5440,5440,5440,5440,200,-0.14866979655712054
2017-07-20,4630,4630,4630,4630,200,-0.14889705882352944
2017-07-21,3940,3940,3940,3940,300,-0.1490280777537797
2017-07-24,3350,3350,3350,3350,300,-0.14974619289340096
2017-07-25,2850,2850,2850,2850,400,-0.14925373134328357
2017-07-26,2425,2425,2425,2425,400,-0.14912280701754388
2017-07-27,2355,2355,2355,2355,500,-0.028865979381443307
2017-07-28,2005,2005,2005,2005,500,-0.14861995753715496
2017-07-31,1705,1705,1705,1705,600,-0.14962593516209477
2017-08-01,1450,1750,1450,1750,1501,0.02639296187683282
2017-08-02,1490,1490,1490,1490,600,-0.14857142857142858
2017-08-03,1450,1530,1450,1530,701,0.02684563758389258
2017-08-04,1485,1570,1305,1570,2250,0.02614379084967311
2017-08-07,1335,1335,1335,1335,700,-0.14968152866242035
2017-08-08,1300,1370,1300,1370,801,0.02621722846441954
2017-08-09,1350,1575,1165,1500,5175,0.0948905109489051
2017-08-10,1300,1500,1300,1500,2292,0.0
2017-08-11,1275,1540,1275,1540,1051,0.026666666666666616
2017-08-14,1750,1750,1750,1750,10,0.13636363636363646
2017-08-16,1490,1900,1490,1900,4031,0.08571428571428563
2017-08-17,1845,1900,1845,1900,601,0.0
2017-08-18,1845,1900,1845,1900,601,0.0
2017-08-21,1845,1900,1845,1900,601,0.0
2017-08-22,1845,1900,1845,1900,601,0.0
2017-08-23,1845,1950,1845,1950,601,0.026315789473684292
2017-08-24,1895,2000,1895,2000,601,0.02564102564102555
2017-08-25,1945,2060,1945,2060,601,0.030000000000000027
2017-08-28,2005,2120,2005,2120,501,0.029126213592232997
2017-08-29,2060,2060,2060,2060,500,-0.028301886792452824
2017-08-30,2365,2365,2365,2365,1,0.1480582524271845
2017-08-31,2300,2300,2300,2300,500,-0.02748414376321351
2017-09-01,2300,2645,2300,2645,241,0.1499999999999999
2017-09-04,2570,2720,2570,2720,401,0.02835538752362954
2017-09-05,2640,2640,2315,2315,479,-0.14889705882352944
2017-09-06,1970,2660,1970,2660,214,0.1490280777537798
2017-09-07,2265,2500,2265,2500,3,-0.06015037593984962
2017-09-08,2125,2500,2125,2500,3,0.0
2017-09-11,2850,2850,2125,2690,5,0.07600000000000007
2017-09-12,2615,2770,2615,2770,401,0.029739776951672958
2017-09-13,3170,3170,2355,3170,571,0.14440433212996395
2017-09-14,2895,2895,2895,2895,400,-0.08675078864353314
2017-09-15,2465,2600,2465,2600,4,-0.10189982728842828
2017-09-18,2395,2395,2395,2395,400,-0.0788461538461539
2017-09-19,2750,2750,2750,2750,1,0.14822546972860118
2017-09-20,2445,2445,2445,2445,400,-0.11090909090909096
2017-09-21,2080,2505,2080,2505,2,0.024539877300613577
2017-09-22,2435,2435,2435,2435,500,-0.027944111776447067
2017-09-25,2365,2435,2365,2435,501,0.0
2017-09-26,2365,2500,2365,2500,501,0.026694045174537884
2017-09-27,2295,2295,2295,2295,130,-0.08199999999999996
2017-09-28,2635,2635,2635,2635,1,0.14814814814814814
2017-09-29,2560,2710,2560,2710,401,0.028462998102466885
2017-10-10,2445,2445,2445,2445,400,-0.0977859778597786
2017-10-11,2375,2510,2375,2510,501,0.026584867075664542
2017-10-12,2440,2500,2440,2500,501,-0.003984063745019917
2017-10-13,2430,2570,2430,2570,501,0.028000000000000025
2017-10-16,2295,2295,2295,2295,400,-0.10700389105058361
2017-10-17,2295,2630,2295,2630,2,0.14596949891067545
2017-10-18,2555,2700,2555,2700,401,0.026615969581748944
2017-10-19,2625,2780,2625,2780,401,0.029629629629629672
2017-10-20,2645,2645,2645,2645,1000,-0.04856115107913672
2017-10-23,2640,2640,2640,2640,700,-0.001890359168241984
2017-10-24,2635,2635,2635,2635,1,-0.0018939393939394478
2017-10-25,2295,2295,2295,2295,1,-0.12903225806451613
2017-10-26,2230,2360,2230,2360,501,0.028322440087146017
2017-10-27,2295,2430,2295,2430,501,0.029661016949152463
2017-10-30,2360,2500,2360,2500,501,0.028806584362139898
2017-10-31,2430,2500,2430,2500,501,0.0
2017-11-01,2430,2500,2430,2500,501,0.0
2017-11-02,2430,2490,2430,2490,501,-0.0040000000000000036
2017-11-03,2120,2470,2120,2470,11,-0.008032128514056214
2017-11-06,2400,2400,2400,2400,500,-0.028340080971659964
2017-11-07,2335,2400,2335,2400,501,0.0
2017-11-08,2335,2465,2335,2465,501,0.027083333333333348
2017-11-09,2295,2295,2295,2295,500,-0.06896551724137934
2017-11-10,1955,2290,1955,2290,11,-0.002178649237472796
2017-11-13,2625,2625,2625,2625,1,0.14628820960698685
2017-11-14,3005,3005,3005,3005,1,0.14476190476190487
2017-11-15,2920,2920,2920,2920,400,-0.028286189683860208
2017-11-16,2835,2905,2835,2905,401,-0.005136986301369828
2017-11-17,2470,2470,2470,2470,400,-0.14974182444061968
2017-11-20,2400,2535,2400,2535,501,0.026315789473684292
2017-11-21,2465,2500,2465,2500,501,-0.013806706114398382
2017-11-22,2125,2435,2125,2435,203,-0.026000000000000023
2017-11-23,2070,2790,2070,2670,27,0.0965092402464065
2017-11-24,3060,3060,3060,3060,1,0.146067415730337
2017-11-27,2605,2605,2605,2605,400,-0.14869281045751637
2017-11-28,2215,2215,2215,2215,400,-0.14971209213051828
2017-11-29,1885,2535,1885,2535,5,0.14446952595936802
2017-11-30,2155,2605,2155,2605,841,0.027613412228796763
2017-12-01,2985,2985,2985,2985,1,0.14587332053742808
2017-12-04,2895,2895,2895,2895,2400,-0.03015075376884424
2017-12-05,2890,2890,2890,2890,1000,-0.0017271157167529916
2017-12-06,3310,3310,3310,3310,1,0.1453287197231834
2017-12-07,3795,3795,2815,2815,3001,-0.14954682779456197
2017-12-08,2735,2890,2735,2890,401,0.026642984014209503
2017-12-11,2805,2970,2805,2970,401,0.02768166089965396
2017-12-12,2885,2970,2885,2970,401,0.0
2017-12-13,2885,3050,2525,3000,3414,0.010101010101010166
2017-12-14,2550,3435,2550,3435,2,0.14500000000000002
2017-12-15,2920,2920,2920,2920,300,-0.14992721979621548
2017-12-18,2595,2595,2595,2595,400,-0.11130136986301364
2017-12-19,2210,2965,2210,2965,2,0.1425818882466281
2017-12-20,2880,2985,2880,2985,401,0.006745362563237878
2017-12-21,2900,2995,2900,2995,401,0.003350083752093891
2017-12-22,2845,2845,2550,2550,6400,-0.1485809682804674
2017-12-26,2475,2475,2475,2475,500,-0.02941176470588236
2017-12-27,2295,2295,2295,2295,500,-0.07272727272727275
2017-12-28,2195,2195,2195,2195,500,-0.04357298474945537
2018-01-02,2135,2135,1870,1870,501,-0.14806378132118447
2018-01-03,1900,1900,1900,1900,3017,0.016042780748663166
2018-01-04,1845,1845,1845,1845,1,-0.02894736842105261
2018-01-05,1570,2120,1570,2120,2,0.14905149051490518
2018-01-08,2060,2180,2060,2180,4,0.028301886792452935
2018-01-09,1855,2505,1855,2505,7,0.1490825688073394
2018-01-10,2130,2870,2130,2870,16,0.1457085828343314
2018-01-11,2440,3195,2440,3195,421,0.11324041811846697
2018-01-12,2900,2900,2720,2720,3,-0.14866979655712054
2018-01-15,2315,3000,2315,3000,213,0.10294117647058831
2018-01-16,3200,3410,2550,3410,28,0.13666666666666671
2018-01-17,3100,3100,2900,2900,5,-0.14956011730205276
2018-01-18,2800,3335,2465,2900,54,0.0
2018-01-19,2700,3300,2500,3000,115,0.034482758620689724
2018-01-22,3400,3400,2550,2550,46,-0.15000000000000002
2018-01-23,2500,2500,2400,2400,186,-0.05882352941176472
2018-01-24,2300,2700,2040,2500,56,0.04166666666666674
2018-01-25,2500,2500,2125,2250,879,-0.09999999999999998
2018-01-26,2580,2580,2200,2330,53,0.03555555555555556
2018-01-29,2000,2395,2000,2395,21,0.027896995708154515
2018-01-30,2180,2460,2180,2460,597,0.02713987473903967
2018-01-31,2390,2500,2390,2500,681,0.016260162601626105
2018-02-01,2200,2875,2200,2875,323,0.1499999999999999
2018-02-02,2600,3000,2600,3000,12,0.04347826086956519
2018-02-05,2600,2995,2600,2995,71,-0.0016666666666667052
2018-02-06,2700,3000,2700,3000,11,0.0016694490818029983
2018-02-07,2600,2695,2600,2695,91,-0.10166666666666668
2018-02-08,3095,3095,2700,2700,51,0.0018552875695732052
2018-02-09,2850,2850,2600,2600,4,-0.03703703703703709
2018-02-12,2850,2880,2210,2880,152,0.10769230769230775
2018-02-13,3000,3000,2500,2890,622,0.003472222222222321
2018-02-14,2805,2965,2500,2965,431,0.02595155709342567
2018-02-19,2880,2880,2880,2880,400,-0.028667790893760592
2018-02-20,2500,2895,2450,2890,102,0.003472222222222321
2018-02-21,2900,3200,2460,3095,4321,0.07093425605536341
2018-02-22,2700,3400,2635,3400,121,0.09854604200323092
2018-02-23,3000,3450,2900,3450,41,0.014705882352941124
2018-02-26,2935,3395,2935,3395,332,-0.01594202898550723
2018-02-27,2890,3200,2890,2900,91,-0.14580265095729017
2018-02-28,2800,3290,2465,3290,1195,0.1344827586206896
2018-03-02,2800,3000,2800,3000,31,-0.08814589665653494
2018-03-05,2550,3000,2550,3000,21,0.0
2018-03-06,2915,2980,2600,2980,421,-0.00666666666666671
2018-03-07,2540,2795,2540,2795,11,-0.06208053691275173
2018-03-08,2380,2500,2380,2495,31,-0.10733452593917714
2018-03-09,2125,2500,2125,2500,21,0.002004008016031955
2018-03-12,2125,2400,2125,2400,11,-0.040000000000000036
2018-03-13,2040,2495,2040,2495,52,0.039583333333333304
2018-03-14,2200,2495,2125,2400,94,-0.038076152304609256
2018-03-15,2040,2490,2040,2485,166,0.03541666666666665
2018-03-16,2120,2495,2120,2495,21,0.004024144869215318
2018-03-19,2400,2400,2125,2400,521,-0.038076152304609256
2018-03-20,2335,2395,2040,2200,544,-0.08333333333333337
2018-03-21,1900,2495,1900,2495,82,0.13409090909090904
2018-03-22,2495,2495,2130,2495,51,0.0
2018-03-23,2130,2495,2125,2395,56,-0.04008016032064132
2018-03-26,2040,2400,2040,2300,369,-0.039665970772442605
2018-03-27,2000,2400,1955,2395,72,0.04130434782608705
2018-03-28,2100,2400,2040,2395,144,0.0
2018-03-29,2100,2400,2040,2395,135,0.0
2018-03-30,2040,2390,2040,2390,20,-0.0020876826722338038
2018-04-02,2325,2390,2040,2390,521,0.0
2018-04-03,2325,2385,2040,2295,521,-0.03974895397489542
2018-04-04,2230,2285,2230,2280,502,-0.006535947712418277
2018-04-05,1940,2620,1940,2620,3884,0.14912280701754388
2018-04-06,2300,2985,2230,2985,13166,0.13931297709923673
2018-04-09,2600,3000,2600,2795,22,-0.06365159128978226
2018-04-10,2500,3000,2400,2800,285,0.0017889087656528524
2018-04-11,2600,2900,2380,2600,148,-0.0714285714285714
2018-04-12,2400,2800,2210,2500,42,-0.038461538461538436
2018-04-13,2700,2700,2500,2655,44,0.062000000000000055
2018-04-16,2300,2700,2260,2690,82,0.013182674199623268
2018-04-17,2400,2800,2290,2775,102,0.03159851301115246
2018-04-18,2505,2900,2400,2900,41,0.04504504504504503
2018-04-19,2465,2900,2465,2745,178,-0.05344827586206902
2018-04-20,2600,2900,2335,2595,120,-0.05464480874316935
2018-04-23,2300,2800,2210,2485,663,-0.042389210019267876
2018-04-24,2400,2400,2400,2400,22,-0.03420523138832998
2018-04-25,2300,2595,2040,2295,245,-0.043749999999999956
2018-04-26,1955,2295,1955,2185,333,-0.04793028322440085
2018-04-27,2300,2490,1860,2195,875,0.004576659038901587
2018-04-30,2000,2190,1870,1870,2088,-0.14806378132118447
2018-05-02,1590,2100,1590,2050,4078,0.09625668449197855
2018-05-03,1745,2270,1745,2270,730,0.1073170731707318
2018-05-04,1930,2475,1930,2475,780,0.09030837004405279
2018-05-08,2110,2495,2110,2475,146,0.0
2018-05-09,2110,2500,2110,2300,23,-0.07070707070707072
2018-05-10,2000,2300,2000,2200,12,-0.04347826086956519
2018-05-11,1900,2375,1900,2375,122,0.07954545454545459
2018-05-14,2100,2400,2020,2395,51,0.008421052631578885
2018-05-15,2100,2395,2040,2390,152,-0.0020876826722338038
2018-05-16,2100,2395,2100,2355,112,-0.014644351464435101
2018-05-17,2100,2360,2010,2295,34,-0.02547770700636942
2018-05-18,2000,2295,2000,2290,161,-0.002178649237472796
2018-05-21,2000,2295,1950,2285,151,-0.0021834061135370675
2018-05-23,2000,2300,2000,2295,51,0.004376367614879584
2018-05-24,2000,2350,2000,2350,42,0.023965141612200425
2018-05-25,2285,2330,2285,2330,595,-0.008510638297872353
2018-05-28,2100,2395,2000,2195,141,-0.05793991416309008
2018-05-29,1900,2195,1900,2185,111,-0.004555808656036442
2018-05-30,1900,2200,1900,2085,51,-0.04576659038901598
2018-05-31,1800,2100,1800,2100,191,0.007194244604316502
2018-06-01,1900,2195,1800,1995,23,-0.050000000000000044
2018-06-04,1940,1995,1940,1995,670,0.0
2018-06-05,1940,1995,1940,1990,661,-0.0025062656641604564
2018-06-07,1935,1935,1900,1900,960,-0.045226130653266305
2018-06-08,1615,1995,1615,1990,1111,0.047368421052631504
2018-06-11,1700,1995,1700,1995,41,0.002512562814070307
2018-06-12,1700,1940,1700,1940,61,-0.027568922305764465
2018-06-14,1700,2120,1700,2120,161,0.09278350515463907
2018-06-15,1900,2100,1900,2100,81,-0.009433962264150941
2018-06-18,1900,2125,1900,2000,113,-0.04761904761904767
2018-06-19,1900,2080,1900,2080,50,0.040000000000000036
2018-06-20,1800,2005,1800,2005,151,-0.03605769230769229
2018-06-21,1905,2005,1905,2005,601,0.0
2018-06-22,2005,2010,2005,2010,20,0.0024937655860348684
2018-06-25,2050,2075,1800,1990,291,-0.00995024875621886
2018-06-26,1800,1950,1800,1800,110,-0.09547738693467334
2018-06-27,1530,1990,1530,1990,1594,0.10555555555555562
2018-06-28,1935,2025,1935,1970,712,-0.01005025125628145
2018-06-29,1915,2005,1915,2005,670,0.017766497461928932
2018-07-02,1950,1975,1950,1975,640,-0.014962593516209433
2018-07-03,1920,2030,1920,2030,610,0.02784810126582271
2018-07-04,1975,2025,1975,2025,630,-0.0024630541871921707
2018-07-05,1970,2075,1970,2075,621,0.024691358024691468
2018-07-06,1905,2065,1905,2065,550,-0.004819277108433773
2018-07-09,1800,1990,1760,1990,371,-0.03631961259079908
2018-07-10,1700,1700,1695,1695,40,-0.14824120603015079
2018-07-11,1700,1895,1700,1790,61,0.05604719764011801
2018-07-12,1530,1785,1530,1785,881,-0.0027932960893854997
2018-07-13,1735,1780,1600,1780,1241,-0.0028011204481792618
2018-07-16,1520,1800,1515,1650,1131,-0.0730337078651685
2018-07-17,1410,1800,1410,1785,1122,0.08181818181818179
2018-07-18,1520,1785,1520,1785,122,0.0
2018-07-19,1520,1795,1520,1795,11,0.0056022408963585235
2018-07-20,1695,1695,1695,1695,600,-0.055710306406685284
2018-07-23,1645,1695,1645,1695,753,0.0
2018-07-24,1595,1690,1450,1690,763,-0.002949852507374673
2018-07-25,1440,1440,1440,1440,11,-0.14792899408284022
2018-07-26,1300,1600,1225,1590,3716,0.10416666666666674
2018-07-27,1545,1600,1355,1575,1716,-0.009433962264150941
2018-07-30,1340,1650,1340,1650,1263,0.04761904761904767
2018-07-31,1405,1690,1405,1590,113,-0.036363636363636376
2018-08-01,1355,1795,1355,1795,144,0.12893081761006298
2018-08-02,1530,2005,1530,2005,50,0.11699164345403901
2018-08-03,1800,2000,1710,2000,92,-0.0024937655860348684
2018-08-06,1700,2000,1700,2000,118,0.0
2018-08-07,1700,1995,1700,1985,711,-0.007499999999999951
2018-08-08,1700,1995,1700,1990,102,0.0025188916876575096
2018-08-09,1700,2000,1700,2000,111,0.005025125628140614
2018-08-10,1700,1995,1700,1995,110,-0.0024999999999999467
2018-08-13,1700,1995,1700,1990,112,-0.0025062656641604564
2018-08-14,1700,1995,1700,1980,111,-0.005025125628140725
2018-08-16,1700,1995,1700,1945,63,-0.017676767676767624
2018-08-17,1700,1995,1700,1895,62,-0.02570694087403602
2018-08-20,1620,1990,1620,1990,53,0.05013192612137196
2018-08-21,1700,1995,1700,1990,52,0.0
2018-08-22,1700,1995,1700,1900,46,-0.045226130653266305
2018-08-23,1700,2000,1615,1615,40,-0.15000000000000002
2018-08-24,1400,1855,1400,1850,179,0.1455108359133126
2018-08-27,1600,1995,1600,1995,40,0.07837837837837847
2018-08-28,1700,1995,1700,1990,640,-0.0025062656641604564
2018-08-29,1935,1985,1700,1985,710,-0.002512562814070307
2018-08-30,1700,1705,1700,1705,51,-0.1410579345088161
2018-08-31,1700,1880,1600,1880,100,0.1026392961876832
2018-09-03,1825,1930,1825,1930,650,0.02659574468085113
2018-09-04,1875,1975,1875,1975,630,0.023316062176165886
2018-09-05,1920,1975,1700,1975,622,0.0
2018-09-06,1920,1920,1700,1700,610,-0.1392405063291139
2018-09-07,1655,1655,1600,1600,710,-0.05882352941176472
2018-09-10,1555,1555,1400,1400,720,-0.125
2018-09-11,1360,1360,1200,1200,820,-0.1428571428571429
2018-09-12,1100,1380,1020,1380,3617,0.1499999999999999
2018-09-13,1500,1580,1200,1580,13,0.14492753623188404
2018-09-14,1800,1800,1350,1795,141,0.13607594936708867
2018-09-17,1700,1840,1700,1840,620,0.025069637883008422
2018-09-18,1600,1895,1600,1895,51,0.029891304347826164
2018-09-19,1620,1900,1620,1845,71,-0.02638522427440637
2018-09-20,1600,1855,1600,1855,35,0.005420054200542035
2018-09-21,1600,1865,1600,1865,51,0.005390835579514919
2018-09-27,1600,1900,1600,1900,47,0.018766756032171594
2018-09-28,1700,1895,1620,1895,51,-0.0026315789473684292
2018-10-01,1620,1990,1620,1990,31,0.05013192612137196
2018-10-02,1700,1995,1700,1990,39,0.0
2018-10-04,1995,1995,1700,1995,38,0.002512562814070307
2018-10-05,1700,1995,1700,1995,34,0.0
2018-10-08,1700,1700,1700,1700,31,-0.1478696741854637
2018-10-10,1655,1750,1655,1750,800,0.02941176470588225
2018-10-11,1695,1795,1695,1795,658,0.0257142857142858
2018-10-12,1745,1745,1745,1745,600,-0.027855153203342642
2018-10-15,1695,2005,1695,2005,1850,0.14899713467048703
2018-10-16,1710,2015,1710,2015,270,0.004987531172069737
2018-10-17,1720,1720,1720,1720,41,-0.14640198511166258
2018-10-18,1670,1670,1670,1670,600,-0.029069767441860517
2018-10-19,1625,1720,1625,1720,710,0.029940119760478945
2018-10-22,1670,1770,1670,1770,605,0.029069767441860517
2018-10-23,1510,1995,1510,1995,220,0.12711864406779672
2018-10-24,1940,1940,1940,1940,600,-0.027568922305764465
2018-10-25,1885,1975,1660,1975,762,0.018041237113401998
2018-10-26,1680,1965,1680,1965,153,-0.005063291139240533
2018-10-29,1700,1955,1700,1955,83,-0.0050890585241730735
2018-10-30,1900,1900,1700,1890,620,-0.03324808184143224
2018-10-31,1835,1835,1835,1835,600,-0.02910052910052907
2018-11-01,1600,1885,1600,1885,75,0.027247956403269713
2018-11-02,1835,1870,1835,1870,700,-0.007957559681697646
2018-11-05,1815,1815,1600,1775,821,-0.050802139037433136
2018-11-06,1725,1770,1510,1770,611,-0.0028169014084507005
2018-11-07,1720,1720,1715,1715,710,-0.031073446327683607
2018-11-08,1460,1775,1460,1775,320,0.03498542274052485
2018-11-09,1510,1690,1510,1690,380,-0.04788732394366202
2018-11-12,1440,1600,1440,1600,210,-0.053254437869822535
2018-11-13,1400,1670,1400,1670,331,0.043749999999999956
2018-11-14,1420,1780,1420,1780,110,0.06586826347305386
2018-11-15,1520,1690,1520,1690,30,-0.050561797752809
2018-11-16,1645,1645,1440,1440,840,-0.14792899408284022
2018-11-19,1400,1645,1400,1645,1551,0.14236111111111116
2018-11-20,1600,1640,1400,1640,860,-0.003039513677811523
2018-11-21,1595,1595,1400,1590,820,-0.030487804878048808
2018-11-22,1360,1490,1355,1490,140,-0.06289308176100628
2018-11-23,1450,1530,1450,1530,730,0.02684563758389258
2018-11-26,1485,1550,1485,1550,710,0.013071895424836555
2018-11-27,1490,1490,1320,1460,720,-0.058064516129032295
2018-11-28,1250,1250,1250,1250,270,-0.14383561643835618
2018-11-29,1390,1390,1390,1390,3,0.1120000000000001
2018-11-30,1500,1500,1185,1390,112,0.0
2018-12-03,1350,1400,1350,1400,801,0.007194244604316502
2018-12-04,1360,1395,1360,1395,1011,-0.0035714285714285587
2018-12-05,1355,1400,1355,1400,851,0.0035842293906809264
2018-12-06,1360,1420,1360,1420,861,0.014285714285714235
2018-12-07,1380,1410,1380,1410,941,-0.007042253521126751
2018-12-10,1370,1400,1370,1400,801,-0.007092198581560294
2018-12-11,1360,1360,1355,1355,1022,-0.03214285714285714
2018-12-12,1315,1390,1315,1385,1192,0.022140221402213944
2018-12-13,1345,1390,1345,1390,801,0.0036101083032491488
2018-12-14,1350,1420,1350,1420,1201,0.021582733812949728
2018-12-17,1380,1460,1210,1450,1022,0.021126760563380254
2018-12-18,1240,1490,1240,1470,252,0.01379310344827589
2018-12-19,1430,1490,1430,1490,701,0.013605442176870763
2018-12-20,1450,1495,1450,1485,842,-0.003355704697986628
2018-12-21,1445,1490,1445,1490,701,0.0033670033670034627
2018-12-24,1590,1590,1300,1300,21,-0.12751677852348997
2018-12-26,1450,1450,1445,1445,302,0.11153846153846159
2018-12-27,1405,1480,1405,1475,802,0.02076124567474058
2018-12-28,1435,1500,1435,1490,724,0.01016949152542379
2019-01-02,1450,1530,1450,1530,815,0.02684563758389258
2019-01-03,1485,1570,1485,1570,1502,0.02614379084967311
2019-01-04,1525,1540,1340,1540,772,-0.019108280254777066
2019-01-07,1495,1580,1495,1570,891,0.01948051948051943
2019-01-08,1525,1600,1525,1590,891,0.01273885350318471
2019-01-09,1545,1600,1545,1600,702,0.0062893081761006275
2019-01-10,1555,1595,1555,1595,701,-0.0031250000000000444
2019-01-11,1550,1780,1550,1780,1921,0.11598746081504707
2019-01-14,1730,1795,1730,1795,602,0.008426966292134797
2019-01-15,1745,1780,1745,1780,602,-0.00835654596100277
2019-01-16,1730,1830,1730,1830,662,0.028089887640449396
2019-01-17,1780,1880,1780,1880,601,0.02732240437158473
2019-01-18,1825,1860,1825,1860,602,-0.010638297872340385
2019-01-21,1805,1855,1805,1855,602,-0.0026881720430107503
2019-01-22,1805,1890,1805,1890,798,0.018867924528301883
2019-01-23,1835,1890,1835,1890,602,0.0
2019-01-24,1835,1900,1835,1890,602,0.0
2019-01-25,1835,1890,1835,1890,602,0.0
2019-01-28,1835,1890,1835,1890,602,0.0
2019-01-29,1835,1895,1835,1895,601,0.002645502645502562
2019-01-30,1900,1900,1900,1900,181,0.0026385224274405594
2019-01-31,1845,1845,1845,1845,0,-0.02894736842105261
2019-02-01,1900,2100,1800,1980,32,0.07317073170731714
2019-02-07,1700,1850,1700,1850,11,-0.06565656565656564
2019-02-08,1850,1850,1850,1850,0,0.0
2019-02-11,1950,2045,1700,2045,477,0.10540540540540544
2019-02-12,1900,1900,1900,1900,0,-0.07090464547677267
2019-02-13,2100,2100,2100,2100,1,0.10526315789473695
2019-02-14,2100,2300,2000,2000,131,-0.04761904761904767
2019-02-15,2095,2095,2095,2095,1,0.0475000000000001
2019-02-18,2095,2095,2095,2095,1,0.0
2019-02-19,2195,2195,1900,2095,12,0.0
2019-02-20,2095,2095,2095,2095,1,0.0
2019-02-21,2090,2090,2090,2090,1,-0.0023866348448687846
2019-02-22,1800,2045,1800,2045,892,-0.021531100478468845
2019-02-25,2045,2045,2045,2045,1,0.0
2019-02-26,2045,2045,1740,2045,5618,0.0
2019-02-27,2100,2300,1800,2000,552,-0.022004889975550168
2019-02-28,2000,2000,1700,1950,3663,-0.025000000000000022
2019-03-04,2000,2200,1660,1940,3691,-0.00512820512820511
2019-03-05,2000,2200,2000,2000,40,0.030927835051546282
2019-03-06,2095,2095,2095,2095,1,0.0475000000000001
2019-03-07,2145,2145,2145,2145,1,0.023866348448687402
2019-03-08,2050,2050,2050,2050,1,-0.044289044289044344
2019-03-11,2140,2140,2140,2140,1,0.04390243902439028
2019-03-12,2135,2135,2135,2135,1,-0.002336448598130869
2019-03-13,2095,2095,2095,2095,0,-0.0187353629976581
2019-03-14,2095,2095,2095,2095,1,0.0
2019-03-15,2200,2400,2100,2100,31,0.0023866348448686736
2019-03-18,2175,2175,2000,2040,12,-0.02857142857142858
2019-03-19,2085,2085,2085,2085,1,0.022058823529411686
2019-03-20,2200,2200,2200,2200,1,0.05515587529976029
2019-03-21,2200,2200,2090,2095,22,-0.04772727272727273
2019-03-22,2090,2090,2090,2090,1,-0.0023866348448687846
2019-03-25,2100,2100,1780,2085,204,-0.0023923444976076125
2019-03-26,1990,1990,1990,1990,50,-0.04556354916067151
2019-03-27,2085,2085,1695,2060,132,0.035175879396984966
2019-03-28,1755,2035,1755,2025,52,-0.016990291262135915
2019-03-29,1900,1900,1900,1900,0,-0.06172839506172845
2019-04-01,1800,2035,1620,2035,85,0.07105263157894748
2019-04-02,1895,2020,1730,1730,71,-0.14987714987714984
2019-04-03,1980,1980,1980,1980,11,0.1445086705202312
2019-04-04,1995,2000,1995,2000,2,0.010101010101010166
2019-04-05,2000,2000,2000,2000,11,0.0
2019-04-08,2000,2000,2000,2000,1,0.0
2019-04-09,2000,2000,2000,2000,1,0.0
2019-04-10,2000,2080,2000,2080,21,0.040000000000000036
2019-04-11,2075,2075,2075,2075,1,-0.0024038461538461453
2019-04-12,1900,1900,1900,1900,1,-0.08433734939759041
2019-04-15,1900,1900,1900,1900,1,0.0
2019-04-16,1995,1995,1995,1995,11,0.050000000000000044
2019-04-17,1945,1945,1945,1945,1,-0.02506265664160401
2019-04-18,1920,1920,1655,1890,202,-0.028277634961439535
2019-04-19,1895,1895,1895,1895,1,0.002645502645502562
2019-04-22,1970,1970,1970,1970,11,0.0395778364116095
2019-04-23,1970,1970,1970,1970,1,0.0
2019-04-24,1970,1970,1675,1955,2510,-0.0076142131979695105
2019-04-25,1935,1935,1700,1925,32,-0.01534526854219953
2019-04-26,1995,1995,1640,1900,394,-0.012987012987012991
2019-04-29,2000,2000,1800,1945,193,0.023684210526315752
2019-04-30,1990,1990,1990,1990,1,0.023136246786632286
2019-05-02,1995,1995,1695,1875,452,-0.05778894472361806
2019-05-03,1900,1980,1855,1855,21,-0.010666666666666713
2019-05-07,1995,1995,1845,1845,201,-0.005390835579514808
2019-05-08,1845,1845,1700,1830,23,-0.008130081300813052
2019-05-09,1890,1890,1890,1890,1,0.032786885245901676
2019-05-10,1895,1895,1610,1845,263,-0.023809523809523836
2019-05-13,1895,1895,1895,1895,1,0.027100271002709952
2019-05-14,1895,1895,1890,1890,210,-0.0026385224274406704
2019-05-15,1890,1945,1610,1945,102,0.02910052910052907
2019-05-16,1995,1995,1655,1655,222,-0.14910025706940877
2019-05-17,1880,1880,1410,1790,577,0.08157099697885206
2019-05-20,1800,1895,1800,1895,12,0.05865921787709505
2019-05-21,1900,1900,1615,1890,205,-0.0026385224274406704
2019-05-22,1895,1985,1890,1890,822,0.0
2019-05-23,2000,2000,2000,2000,1,0.05820105820105814
2019-05-24,2000,2000,1700,1970,1551,-0.015000000000000013
2019-05-27,1995,1995,1675,1700,278,-0.13705583756345174
2019-05-28,1885,1885,1655,1745,211,0.026470588235294024
2019-05-29,1765,1765,1605,1735,492,-0.005730659025787954
2019-05-30,1895,1895,1895,1895,54,0.09221902017291073
2019-05-31,1895,1895,1615,1710,23,-0.09762532981530347
2019-06-03,1795,1795,1795,1795,1,0.04970760233918137
2019-06-04,1795,1900,1795,1840,172,0.025069637883008422
2019-06-05,1890,1890,1600,1600,12,-0.13043478260869568
2019-06-07,1795,1795,1600,1600,543,0.0
2019-06-10,1600,1600,1360,1485,1654,-0.07187500000000002
2019-06-11,1445,1490,1445,1490,1105,0.0033670033670034627
2019-06-12,1595,1595,1305,1490,524,0.0
2019-06-13,1585,1585,1585,1585,1,0.06375838926174504
2019-06-14,1595,1595,1350,1495,1254,-0.056782334384858024
2019-06-17,1495,1495,1275,1485,820,-0.006688963210702337
2019-06-18,1275,1485,1265,1485,5126,0.0
2019-06-19,1395,1395,1395,1395,700,-0.06060606060606055
2019-06-20,1590,1590,1210,1370,1631,-0.017921146953404965
2019-06-21,1370,1490,1370,1430,202,0.04379562043795615
2019-06-24,1350,1350,1350,1350,0,-0.05594405594405594
2019-06-25,1500,1500,1500,1500,751,0.11111111111111116
2019-06-26,1450,1490,1280,1280,1329,-0.1466666666666666
2019-06-27,1395,1395,1205,1205,2,-0.05859375
2019-06-28,1370,1385,1370,1385,13,0.14937759336099576
2019-07-01,1570,1570,1570,1570,3,0.1335740072202165
2019-07-02,1580,1580,1580,1580,1,0.006369426751592355
2019-07-03,1580,1580,1580,1580,1,0.0
2019-07-04,1355,1470,1355,1470,31,-0.069620253164557
2019-07-05,1585,1585,1585,1585,16,0.07823129251700678
2019-07-08,1565,1565,1350,1350,4,-0.1482649842271293
2019-07-09,1540,1540,1540,1540,1,0.14074074074074083
2019-07-10,1595,1595,1595,1595,1,0.03571428571428581
2019-07-11,1595,1595,1595,1595,1,0.0
2019-07-12,1595,1595,1360,1360,27,-0.14733542319749215
2019-07-15,1495,1495,1165,1165,2527,-0.14338235294117652
2019-07-16,1320,1320,1015,1300,119,0.11587982832618016
2019-07-17,1115,1395,1115,1395,1721,0.07307692307692304
2019-07-18,1190,1395,1190,1190,7032,-0.1469534050179212
2019-07-19,1360,1360,1035,1350,463,0.134453781512605
2019-07-22,1340,1340,1340,1340,0,-0.007407407407407418
2019-07-23,1340,1340,1340,1340,1,0.0
2019-07-24,1340,1340,1340,1340,0,0.0
2019-07-25,1335,1335,1335,1335,1,-0.003731343283582045
2019-07-26,1300,1300,1300,1300,0,-0.02621722846441943
2019-07-29,1300,1300,1300,1300,10,0.0
2019-07-30,1390,1390,1390,1390,0,0.0692307692307692
2019-07-31,1350,1350,1350,1350,0,-0.02877697841726623
2019-08-01,1300,1300,1300,1300,0,-0.03703703703703709
2019-08-02,1300,1300,1300,1300,0,0.0
2019-08-05,1300,1300,1300,1300,0,0.0
2019-08-06,1250,1250,1250,1250,0,-0.038461538461538436
2019-08-07,1250,1250,1250,1250,100,0.0
2019-08-08,1250,1395,1250,1395,16,0.1160000000000001
2019-08-09,1400,1500,1400,1500,11,0.07526881720430101
2019-08-12,1500,1600,1500,1600,11,0.06666666666666665
2019-08-13,1600,1600,1600,1600,10,0.0
2019-08-14,1700,1700,1400,1400,11,-0.125
2019-08-16,1610,1610,1400,1495,12,0.06785714285714284
2019-08-19,1495,1495,1495,1495,0,0.0
2019-08-20,1430,1430,1430,1430,0,-0.04347826086956519
2019-08-21,1430,1430,1430,1430,0,0.0
2019-08-22,1430,1430,1430,1430,0,0.0
2019-08-23,1400,1400,1400,1400,0,-0.020979020979020935
2019-08-26,1400,1400,1400,1400,0,0.0
2019-08-27,1400,1400,1400,1400,0,0.0
2019-08-28,1400,1400,1400,1400,0,0.0
2019-08-29,1400,1400,1400,1400,0,0.0
2019-08-30,1190,1190,1190,1190,320,-0.15000000000000002
2019-09-02,1190,1190,1190,1190,0,0.0
2019-09-03,1190,1190,1190,1190,0,0.0
2019-09-04,1190,1190,1190,1190,0,0.0
2019-09-05,1190,1190,1190,1190,0,0.0
2019-09-06,1190,1190,1190,1190,1,0.0
2019-09-09,1190,1190,1190,1190,0,0.0
2019-09-10,1360,1360,1360,1360,1,0.1428571428571428
2019-09-11,1300,1300,1300,1300,0,-0.044117647058823484
2019-09-16,1300,1300,1300,1300,0,0.0
2019-09-17,1300,1300,1300,1300,0,0.0
2019-09-18,1200,1200,1200,1200,0,-0.07692307692307687
2019-09-19,1200,1200,1200,1200,0,0.0
2019-09-20,1200,1200,1200,1200,0,0.0
2019-09-23,1200,1200,1200,1200,0,0.0
2019-09-24,1200,1200,1200,1200,0,0.0
2019-09-25,1200,1200,1200,1200,0,0.0
2019-09-26,1200,1200,1200,1200,0,0.0
2019-09-27,1200,1200,1200,1200,0,0.0
2019-09-30,1200,1200,1200,1200,0,0.0
2019-10-01,1200,1200,1200,1200,0,0.0
2019-10-02,1200,1200,1200,1200,0,0.0
2019-10-04,1200,1200,1200,1200,0,0.0
2019-10-07,1200,1200,1200,1200,0,0.0
2019-10-08,1200,1200,1200,1200,0,0.0
2019-10-10,1200,1200,1200,1200,0,0.0
2019-10-11,1200,1200,1200,1200,0,0.0
2019-10-14,1200,1200,1200,1200,10,0.0
2019-10-15,1345,1345,1345,1345,1,0.12083333333333335
2019-10-16,1145,1145,1145,1145,21,-0.14869888475836435
2019-10-17,1145,1145,1145,1145,0,0.0
2019-10-18,1300,1300,1300,1300,1,0.1353711790393013
2019-10-21,1300,1300,1300,1300,0,0.0
2019-10-22,1300,1300,1300,1300,0,0.0
2019-10-23,1300,1490,1300,1490,560,0.14615384615384608
2019-10-24,1680,1680,1680,1680,1,0.12751677852348986
2019-10-25,1595,1595,1595,1595,0,-0.05059523809523814
2019-10-28,1595,1595,1595,1595,0,0.0
2019-10-29,1360,1495,1360,1495,31,-0.06269592476489028
2019-10-30,1490,1490,1490,1490,0,-0.0033444816053511683
2019-10-31,1490,1490,1490,1490,0,0.0
2019-11-01,1270,1345,1270,1345,470,-0.09731543624161076
2019-11-04,1340,1340,1340,1340,0,-0.0037174721189591198
2019-11-05,1340,1340,1340,1340,0,0.0
2019-11-06,1340,1340,1340,1340,0,0.0
2019-11-07,1340,1340,1340,1340,0,0.0
2019-11-08,1340,1340,1340,1340,0,0.0
2019-11-11,1340,1340,1340,1340,0,0.0
2019-11-12,1340,1340,1340,1340,0,0.0
2019-11-13,1340,1340,1340,1340,0,0.0
2019-11-14,1335,1335,1335,1335,0,-0.003731343283582045
2019-11-15,1335,1335,1335,1335,0,0.0
2019-11-18,1300,1300,1300,1300,0,-0.02621722846441943
2019-11-19,1110,1400,1110,1400,75,0.07692307692307687
2019-11-20,1400,1400,1400,1400,0,0.0
2019-11-21,1395,1395,1395,1395,0,-0.0035714285714285587
2019-11-22,1190,1190,1190,1190,1528,-0.1469534050179212
2019-11-25,1025,1025,1020,1020,80,-0.1428571428571429
2019-11-26,1170,1170,1005,1170,150,0.1470588235294117
2019-11-27,1170,1170,1170,1170,0,0.0
2019-11-28,1200,1200,1200,1200,450,0.02564102564102555
2019-11-29,1350,1350,1350,1350,1,0.125
2019-12-02,1350,1350,1350,1350,0,0.0
2019-12-03,1300,1300,1300,1300,0,-0.03703703703703709
2019-12-04,1110,1110,1110,1110,1000,-0.1461538461538462
2019-12-05,1110,1110,1110,1110,0,0.0
2019-12-06,1000,1200,1000,1200,11,0.08108108108108114
2019-12-09,1200,1200,1200,1200,0,0.0
2019-12-10,1200,1200,1200,1200,10,0.0
2019-12-11,1200,1200,1200,1200,0,0.0
2019-12-12,1300,1300,1300,1300,1,0.08333333333333326
2019-12-13,1300,1300,1300,1300,0,0.0
2019-12-16,1300,1300,1300,1300,0,0.0
2019-12-17,1300,1300,1300,1300,491,0.0
2019-12-18,1300,1300,1300,1300,0,0.0
2019-12-19,1300,1300,1300,1300,799,0.0
2019-12-20,1295,1300,1295,1300,1099,0.0
2019-12-23,1310,1310,1310,1310,400,0.007692307692307665
2019-12-24,1310,1310,1310,1310,0,0.0
2019-12-26,1310,1310,1310,1310,0,0.0
2019-12-27,1310,1310,1310,1310,0,0.0
2019-12-30,1310,1310,1310,1310,0,0.0
2020-01-02,1310,1310,1310,1310,0,0.0
2020-01-03,1310,1310,1310,1310,0,0.0
2020-01-06,1395,1395,1395,1395,1,0.06488549618320616
2020-01-07,1395,1395,1395,1395,0,0.0
2020-01-08,1395,1395,1395,1395,0,0.0
2020-01-09,1395,1395,1395,1395,0,0.0
2020-01-10,1395,1395,1395,1395,0,0.0
2020-01-13,1395,1395,1395,1395,0,0.0
2020-01-14,1395,1395,1395,1395,0,0.0
2020-01-15,1395,1395,1395,1395,0,0.0
2020-01-16,1395,1395,1395,1395,0,0.0
2020-01-17,1395,1395,1395,1395,0,0.0
2020-01-20,1395,1395,1395,1395,0,0.0
2020-01-21,1395,1395,1395,1395,0,0.0
2020-01-22,1395,1395,1395,1395,0,0.0
2020-01-23,1395,1395,1395,1395,0,0.0
2020-01-28,1395,1395,1395,1395,0,0.0
2020-01-29,1395,1395,1395,1395,0,0.0
2020-01-30,1395,1395,1395,1395,0,0.0
2020-01-31,1395,1395,1395,1395,0,0.0
2020-02-03,1190,1190,1190,1190,1,-0.1469534050179212
2020-02-04,1190,1190,1190,1190,0,0.0
2020-02-05,1190,1190,1190,1190,0,0.0
2020-02-06,1365,1365,1365,1365,1,0.1470588235294117
2020-02-07,1395,1400,1180,1400,3,0.02564102564102555
2020-02-10,1400,1400,1400,1400,0,0.0
2020-02-11,1395,1395,1395,1395,0,-0.0035714285714285587
2020-02-12,1395,1395,1395,1395,278989,0.0
2020-02-13,1395,1395,1395,1395,0,0.0
2020-02-14,1390,1395,1390,1395,1457,0.0
2020-02-17,1395,1395,1395,1395,0,0.0
2020-02-18,1395,1395,1395,1395,0,0.0
2020-02-19,1395,1395,1395,1395,0,0.0
2020-02-20,1400,1400,1200,1200,7510,-0.13978494623655913
2020-02-21,1375,1375,1100,1100,2,-0.08333333333333337
2020-02-24,1100,1100,1100,1100,0,0.0
2020-02-25,1260,1265,1260,1265,20,0.1499999999999999
2020-02-26,1200,1395,1105,1395,29,0.1027667984189724
2020-02-27,1395,1395,1395,1395,0,0.0
2020-02-28,1395,1395,1395,1395,0,0.0
2020-03-02,1395,1395,1395,1395,0,0.0
2020-03-03,1395,1395,1395,1395,0,0.0
2020-03-04,1395,1395,1395,1395,0,0.0
2020-03-05,1370,1500,1370,1500,13,0.07526881720430101
2020-03-06,1490,1490,1490,1490,0,-0.00666666666666671
2020-03-09,1490,1490,1490,1490,0,0.0
2020-03-10,1490,1490,1490,1490,0,0.0
2020-03-11,1490,1490,1490,1490,0,0.0
2020-03-12,1490,1490,1490,1490,0,0.0
2020-03-13,1490,1490,1490,1490,0,0.0
2020-03-16,1490,1490,1490,1490,0,0.0
2020-03-17,1270,1400,1270,1400,140,-0.06040268456375841
2020-03-18,1400,1400,1400,1400,0,0.0
2020-03-19,1190,1190,1190,1190,10,-0.15000000000000002
2020-03-20,1365,1365,1365,1365,3,0.1470588235294117
2020-03-23,1300,1300,1300,1300,0,-0.04761904761904767
2020-03-24,1300,1495,1300,1495,22,0.1499999999999999
2020-03-25,1600,1600,1600,1600,11,0.07023411371237454
2020-03-26,1695,1695,1695,1695,5,0.059374999999999956
2020-03-27,1695,1695,1695,1695,1,0.0
2020-03-30,1695,1695,1695,1695,1,0.0
2020-03-31,1695,1695,1695,1695,1,0.0
2020-04-01,1450,1690,1450,1690,2001,-0.002949852507374673
2020-04-02,1440,1440,1440,1440,540,-0.14792899408284022
2020-04-03,1400,1590,1300,1585,324,0.10069444444444442
2020-04-06,1350,1585,1350,1585,4068,0.0
2020-04-07,1350,1565,1350,1565,111,-0.012618296529968487
2020-04-08,1340,1500,1340,1500,250,-0.04153354632587858
2020-04-09,1300,1300,1275,1275,161,-0.15000000000000002
2020-04-10,1395,1395,1395,1395,100,0.09411764705882364
2020-04-13,1570,1570,1570,1570,61,0.1254480286738351
2020-04-14,1350,1350,1340,1340,1530,-0.14649681528662417
2020-04-16,1385,1385,1385,1385,100,0.033582089552238736
2020-04-17,1180,1375,1180,1375,1457,-0.0072202166064981865
2020-04-20,1395,1400,1170,1375,4708,0.0
2020-04-21,1375,1390,1375,1390,928,0.01090909090909098
2020-04-22,1390,1390,1300,1390,3190,0.0
2020-04-23,1395,1400,1320,1395,15361,0.003597122302158251
2020-04-24,1200,1490,1200,1490,865,0.06810035842293916
2020-04-27,1345,1495,1345,1495,847,0.003355704697986628
2020-04-28,1495,1495,1495,1495,100,0.0
2020-04-29,1495,1595,1495,1595,270,0.06688963210702337
2020-05-04,1595,1785,1595,1785,2102,0.11912225705329149
2020-05-06,1600,1995,1600,1995,672,0.11764705882352944
2020-05-07,1710,1995,1710,1995,60,0.0
2020-05-08,1700,2075,1700,2075,36,0.040100250626566414
2020-05-11,2000,2195,1805,2195,22,0.05783132530120483
2020-05-12,1900,2245,1900,2245,153,0.02277904328018221
2020-05-13,2250,2300,2250,2300,104,0.024498886414253906
2020-05-14,2300,2490,2100,2490,1711,0.08260869565217388
2020-05-15,2500,2600,2500,2600,6133,0.04417670682730934
2020-05-18,2700,2700,2310,2690,1196,0.034615384615384714
2020-05-19,2800,2800,2800,2800,10,0.040892193308550207
2020-05-20,2900,2900,2890,2890,10,0.03214285714285725
2020-05-21,2900,2995,2900,2995,102,0.03633217993079585
2020-05-22,2995,2995,2995,2995,9,0.0
2020-05-25,3000,3000,3000,3000,10,0.0016694490818029983
2020-05-26,3100,3200,3100,3200,12,0.06666666666666665
2020-05-27,3200,3400,3200,3400,116,0.0625
2020-05-28,3690,3690,3400,3650,1002,0.07352941176470584
2020-05-29,3500,3500,3105,3495,307,-0.042465753424657526
2020-06-01,3200,3295,2975,3295,1096,-0.05722460658082973
2020-06-02,3690,3690,2805,3595,23,0.09104704097116834
2020-06-03,3200,3290,3060,3290,4552,-0.08484005563282337
2020-06-04,3000,3280,2800,3280,1771,-0.003039513677811523
2020-06-05,2805,3285,2800,3265,2481,-0.004573170731707266
2020-06-08,3050,3265,2780,3265,132,0.0
2020-06-09,3300,3300,3290,3300,4,0.010719754977029039
2020-06-10,3000,3285,2805,3285,811,-0.004545454545454519
2020-06-11,3000,3000,2795,2995,59,-0.0882800608828006
2020-06-12,2980,2980,2980,2980,10,-0.005008347245408995
2020-06-15,2960,2960,2960,2960,0,-0.006711409395973145
2020-06-16,2980,2980,2980,2980,100,0.006756756756756799
2020-06-17,3000,3100,2900,2900,721,-0.02684563758389258
2020-06-18,2995,2995,2985,2985,38,0.02931034482758621
2020-06-19,2600,2985,2600,2985,1261,0.0
2020-06-22,3000,3000,2700,2990,292,0.0016750418760469454
2020-06-23,3000,3000,2995,2995,31,0.0016722408026756952
2020-06-24,2995,2995,2995,2995,60,0.0
2020-06-25,2990,2990,2990,2990,10,-0.0016694490818029983
2020-06-26,2980,2980,2980,2980,10,-0.0033444816053511683
2020-06-29,2990,2990,2990,2990,20,0.003355704697986628
2020-06-30,2980,2980,2980,2980,20,-0.0033444816053511683
2020-07-01,2800,2805,2800,2805,1524,-0.0587248322147651
2020-07-02,2945,3000,2940,3000,54,0.06951871657754016
2020-07-03,3080,3080,2800,2990,341,-0.0033333333333332993
2020-07-06,3000,3000,3000,3000,1,0.0033444816053511683
2020-07-07,2985,2985,2985,2985,100,-0.0050000000000000044
2020-07-08,2990,2990,2980,2980,101,-0.0016750418760469454
2020-07-09,3000,3000,3000,3000,1,0.006711409395973256
2020-07-10,2700,2990,2700,2985,84,-0.0050000000000000044
2020-07-13,2600,3000,2540,2990,82,0.0016750418760469454
2020-07-14,2545,2990,2545,2990,110,0.0
2020-07-15,2990,2990,2990,2990,0,0.0
2020-07-16,2985,2985,2985,2985,0,-0.0016722408026755842
2020-07-17,2985,2985,2985,2985,0,0.0
2020-07-20,2650,2990,2550,2550,274,-0.14572864321608037
2020-07-21,2795,2895,2505,2890,102,0.1333333333333333
2020-07-22,2890,2890,2885,2890,13,0.0
2020-07-23,2895,2895,2895,2895,10,0.0017301038062282892
2020-07-24,2900,2900,2900,2900,1,0.0017271157167531026
2020-07-27,2895,2900,2895,2900,52,0.0
2020-07-28,3000,3000,2985,2990,32,0.03103448275862064
2020-07-29,2990,3000,2990,3000,501,0.0033444816053511683
2020-07-30,2990,2990,2990,2990,1,-0.0033333333333332993
2020-07-31,2985,2985,2985,2985,1,-0.0016722408026755842
2020-08-03,2985,2985,2985,2985,0,0.0
2020-08-04,2970,2970,2970,2970,284,-0.005025125628140725
2020-08-05,2700,2995,2700,2995,1420,0.008417508417508435
2020-08-06,2995,2995,2995,2995,1,0.0
2020-08-07,2700,2970,2550,2970,7043,-0.008347245409014992
2020-08-10,2975,2975,2975,2975,10,0.0016835016835017313
2020-08-11,2975,2975,2975,2975,900,0.0
2020-08-12,2985,2985,2985,2985,1,0.003361344537815114
2020-08-13,2985,2985,2985,2985,2,0.0
2020-08-14,3000,3000,3000,3000,1,0.005025125628140614
2020-08-18,2995,2995,2995,2995,10,-0.0016666666666667052
2020-08-19,2995,2995,2800,2985,135,-0.0033388981636059967
2020-08-20,2995,2995,2990,2990,101,0.0016750418760469454
2020-08-21,2990,2990,2990,2990,0,0.0
2020-08-24,2990,2995,2990,2995,3010,0.0016722408026756952
2020-08-25,2990,2990,2990,2990,178,-0.0016694490818029983
2020-08-26,2985,2985,2985,2985,10,-0.0016722408026755842
2020-08-27,2990,3000,2990,2995,2450,0.003350083752093891
2020-08-28,2995,3100,2995,3100,8304,0.03505843071786319
2020-08-31,3200,3200,3195,3200,11,0.032258064516129004
2020-09-01,3300,3300,3300,3300,1,0.03125
2020-09-02,3300,3300,3295,3300,423,0.0
2020-09-03,3400,3400,3250,3395,1137,0.028787878787878807
2020-09-04,3495,3495,3490,3490,101,0.027982326951399017
2020-09-07,3500,3600,3500,3500,425,0.002865329512893977
2020-09-08,3500,3500,3500,3500,0,0.0
2020-09-09,4025,4025,3000,3450,222,-0.014285714285714235
2020-09-10,3400,3450,3300,3450,34,0.0
2020-09-11,3300,3300,3300,3300,610,-0.04347826086956519
2020-09-14,3500,3500,3400,3400,2,0.030303030303030276
2020-09-15,3310,3350,3310,3350,422,-0.014705882352941124
2020-09-16,3350,3350,3100,3350,192,0.0
2020-09-17,3100,3350,3010,3350,158,0.0
2020-09-18,3350,3350,3350,3350,21,0.0
2020-09-21,3345,3345,3345,3345,85,-0.0014925373134327957
2020-09-22,3345,3345,3345,3345,0,0.0
2020-09-23,3345,3350,3345,3350,91,0.001494768310911887
2020-09-24,3350,3350,3350,3350,10,0.0
2020-09-25,3850,3850,2960,3600,252,0.07462686567164178
2020-09-28,3500,3500,3500,3500,0,-0.02777777777777779
2020-09-29,3695,3695,3695,3695,1,0.055714285714285605
2020-10-05,3580,3580,3580,3580,0,-0.03112313937753719
2020-10-06,3580,3580,3580,3580,100,0.0
2020-10-07,3570,3570,3570,3570,0,-0.0027932960893854997
2020-10-08,3540,3540,3540,3540,0,-0.008403361344537785
2020-10-12,3500,3500,3500,3500,0,-0.011299435028248594
2020-10-13,3300,3470,3200,3470,22,-0.008571428571428563
2020-10-14,3470,3470,3470,3470,0,0.0
2020-10-15,3400,3400,3400,3400,0,-0.02017291066282423
2020-10-16,3320,3320,3320,3320,0,-0.02352941176470591
2020-10-19,3500,3500,3500,3500,1,0.054216867469879526
2020-10-20,3500,3550,3430,3550,361,0.014285714285714235
2020-10-21,3300,3595,3300,3310,2014,-0.06760563380281692
2020-10-22,3350,3350,3350,3350,60,0.012084592145015005
2020-10-23,3350,3350,3350,3350,0,0.0
2020-10-26,3350,3400,3350,3400,80,0.014925373134328401
2020-10-27,3400,3600,3400,3600,25,0.05882352941176472
2020-10-28,3700,3700,3700,3700,1,0.02777777777777768
2020-10-29,3700,3700,3700,3700,0,0.0
2020-10-30,3410,3895,3410,3895,540,0.05270270270270272
2020-11-02,3700,3700,3700,3700,10,-0.05006418485237485
2020-11-03,4000,4000,3700,4000,2732,0.08108108108108114
2020-11-04,4100,4100,4100,4100,1,0.02499999999999991
2020-11-05,4715,4715,4000,4700,22,0.14634146341463405
2020-11-06,5400,5400,5090,5200,1022,0.1063829787234043
2020-11-09,5000,5000,4500,4500,4580,-0.13461538461538458
2020-11-10,4400,4400,4400,4400,10,-0.022222222222222254
2020-11-11,4600,4600,4600,4600,1,0.045454545454545414
2020-11-12,4595,4595,4100,4500,201,-0.021739130434782594
2020-11-13,4400,4400,4400,4400,0,-0.022222222222222254
2020-11-16,4400,4400,4400,4400,0,0.0
2020-11-17,4495,4495,4495,4495,1,0.021590909090908994
2020-11-18,4300,4300,4300,4300,10,-0.04338153503893216
2020-11-19,4500,4500,4500,4500,1,0.04651162790697683
2020-11-20,4200,4220,3830,3830,2054,-0.14888888888888885
2020-11-23,3705,3830,3505,3830,1081,0.0
2020-11-24,3830,3830,3825,3825,501,-0.0013054830287205776
2020-11-25,3825,3825,3825,3825,0,0.0
2020-11-26,3825,3825,3825,3825,0,0.0
2020-11-27,3830,3830,3830,3830,500,0.0013071895424836555
2020-11-30,3260,3300,3260,3300,605,-0.13838120104438645
2020-12-01,3500,3795,3350,3795,2940,0.1499999999999999
2020-12-02,3900,3900,3900,3900,1,0.027667984189723382
2020-12-03,3895,3895,3895,3895,7,-0.0012820512820512775
2020-12-04,3900,4000,3900,4000,262,0.02695763799743256
2020-12-07,4100,4100,4100,4100,301,0.02499999999999991
2020-12-08,4100,4100,4100,4100,0,0.0
2020-12-09,4100,4100,4100,4100,0,0.0
2020-12-10,4100,4100,3900,4095,275,-0.0012195121951219523
2020-12-11,4095,4095,3485,3695,2572,-0.09768009768009767
2020-12-14,3595,3595,3150,3150,67,-0.14749661705006767
2020-12-15,3295,3595,3290,3595,2735,0.1412698412698412
2020-12-16,3595,3595,3595,3595,0,0.0
2020-12-17,3300,3595,3300,3595,3,0.0
2020-12-18,3595,3595,3595,3595,0,0.0
2020-12-21,3595,3595,3595,3595,0,0.0
2020-12-22,3595,3595,3595,3595,0,0.0
2020-12-23,3590,3590,3590,3590,200,-0.0013908205841446364
2020-12-24,3590,3590,3590,3590,0,0.0
2020-12-28,3595,3595,3595,3595,138,0.0013927576601671099
2020-12-29,3695,3695,3695,3695,10,0.02781641168289295
2020-12-30,3700,3700,3695,3695,9,0.0
2021-01-04,3695,3695,3695,3695,0,0.0
2021-01-05,3695,3695,3695,3695,41,0.0
2021-01-06,3500,3695,3500,3695,219,0.0
2021-01-07,3450,3690,3450,3690,1078,-0.0013531799729363803
2021-01-08,3400,3680,3300,3680,1566,-0.0027100271002710175
2021-01-11,3675,3680,3675,3680,24,0.0
2021-01-12,3680,3680,3680,3680,224,0.0
2021-01-13,3400,4000,3400,4000,4351,0.08695652173913038
2021-01-14,3870,3870,3860,3860,1631,-0.03500000000000003
2021-01-15,4085,4085,4085,4085,2,0.05829015544041449
2021-01-18,4090,4090,4085,4085,2,0.0
2021-01-19,4090,4090,4090,4090,1,0.001223990208078396
2021-01-20,4095,4095,3610,3610,2104,-0.11735941320293397
2021-01-21,3790,3800,3790,3800,1126,0.05263157894736836
2021-01-22,3790,4370,3790,4300,1890,0.13157894736842102
2021-01-25,4400,4400,4350,4350,31,0.011627906976744207
2021-01-26,4400,5000,4400,4500,135,0.034482758620689724
2021-01-27,4700,4850,4200,4395,1267,-0.023333333333333317
2021-01-28,4400,5000,4100,4890,693,0.11262798634812277
2021-01-29,4900,5000,4300,4300,1144,-0.12065439672801637
2021-02-01,4600,4800,4600,4800,47,0.11627906976744184
2021-02-02,4900,4900,4900,4900,310,0.02083333333333326
2021-02-03,5000,5000,4990,4995,432,0.019387755102040716
2021-02-04,5000,5000,5000,5000,20,0.0010010010010010895
2021-02-05,5000,5000,5000,5000,23,0.0
2021-02-08,5000,5050,5000,5000,1682,0.0
2021-02-09,5100,5100,4800,4800,1822,-0.040000000000000036
2021-02-10,5000,5000,4800,4800,83,0.0
2021-02-15,5000,5100,4800,5000,544,0.04166666666666674
2021-02-16,4715,5000,4715,5000,40,0.0
2021-02-17,5000,5000,4800,4995,2203,-0.0010000000000000009
2021-02-18,4995,5000,4800,5000,3012,0.0010010010010010895
2021-02-19,5000,5000,5000,5000,30,0.0
2021-02-22,5000,5000,5000,5000,1,0.0
2021-02-23,4250,5000,4250,5000,1052,0.0
2021-02-24,5000,5500,4900,5050,877,0.010000000000000009
2021-02-25,5000,5050,4605,5050,1161,0.0
2021-02-26,4800,4995,4605,4995,50,-0.0108910891089109
2021-03-02,4995,4995,4995,4995,0,0.0
2021-03-03,5000,5000,4410,4995,2376,0.0
2021-03-04,4995,5000,4450,4705,2867,-0.05805805805805808
2021-03-05,4400,4900,4400,4895,671,0.040382571732199724
2021-03-08,4990,4990,4990,4990,54,0.019407558733401498
2021-03-09,5000,5000,5000,5000,10,0.002004008016031955
2021-03-10,5000,5000,5000,5000,63,0.0
2021-03-11,4990,4990,4990,4990,0,-0.0020000000000000018
2021-03-12,4900,4900,4800,4900,1002,-0.018036072144288595
2021-03-15,4980,4980,4980,4980,1,0.01632653061224487
2021-03-16,4980,4980,4975,4975,21,-0.0010040160642570406
2021-03-17,4985,4985,4985,4985,40,0.0020100502512563345
2021-03-18,4990,4995,4900,4985,1019,0.0
2021-03-19,4990,4990,4990,4990,10,0.0010030090270811698
2021-03-22,4990,4990,4985,4990,236,0.0
2021-03-23,4990,4990,4990,4990,10,0.0
2021-03-24,4900,5000,4710,4990,2143,0.0
2021-03-25,4990,4990,4990,4990,10,0.0
2021-03-26,4950,4995,4850,4995,1240,0.0010020040080160886
2021-03-29,4900,4945,4700,4945,3421,-0.010010010010010006
2021-03-30,4900,4900,4900,4900,0,-0.009100101112234582
2021-03-31,4900,5000,4900,5000,2407,0.020408163265306145
2021-04-01,5000,5000,5000,5000,0,0.0
2021-04-02,5000,5000,4800,5000,311,0.0
2021-04-05,5000,5600,4805,4995,5106,-0.0010000000000000009
2021-04-06,4805,4995,4800,4995,217,0.0
2021-04-07,4995,4995,4995,4995,29,0.0
2021-04-08,4950,5000,4950,5000,251,0.0010010010010010895
2021-04-09,4700,5000,4700,5000,9289,0.0
2021-04-12,5100,5200,5100,5180,480,0.03600000000000003
2021-04-13,5300,5300,5300,5300,175,0.02316602316602312
2021-04-14,5400,5550,5400,5400,550,0.018867924528301883
2021-04-15,5550,5550,5300,5550,2013,0.02777777777777768
2021-04-16,5550,5800,5550,5700,1975,0.027027027027026973
2021-04-19,6550,6550,5900,5900,261,0.03508771929824572
2021-04-20,5900,5900,5800,5800,2515,-0.016949152542372836
2021-04-21,5990,5990,5990,5990,1,0.03275862068965507
2021-04-22,5990,5990,5700,5990,148,0.0
2021-04-23,6000,6000,6000,6000,2,0.0016694490818029983
2021-04-26,6000,6000,6000,6000,5,0.0
2021-04-27,6200,6900,6190,6900,875,0.1499999999999999
2021-04-28,7800,7930,7700,7930,1029,0.14927536231884053
2021-04-29,7800,9100,7000,7110,664,-0.10340479192938212
2021-04-30,7400,8170,7200,8170,713,0.14908579465541494
2021-05-03,8000,9390,8000,9300,434,0.13831089351285186
2021-05-04,10000,10500,9200,9200,550,-0.010752688172043001
2021-05-06,9100,10000,9100,10000,309,0.08695652173913038
2021-05-07,10500,11000,9810,10500,607,0.050000000000000044
2021-05-10,9000,10500,8990,10500,21,0.0
2021-05-11,9000,12050,9000,11400,70,0.08571428571428563
2021-05-12,11000,12000,10500,12000,50,0.05263157894736836
2021-05-13,11600,12500,11600,11900,723,-0.008333333333333304
2021-05-14,11900,11900,10600,11400,290,-0.04201680672268904
2021-05-17,10700,11050,10000,11050,390,-0.030701754385964897
2021-05-18,11500,11900,9810,11900,90,0.07692307692307687
2021-05-20,11000,11900,10150,11800,320,-0.008403361344537785
2021-05-21,11000,11000,11000,11000,1,-0.06779661016949157
2021-05-24,10500,11000,9450,10000,119,-0.09090909090909094
2021-05-25,9800,10000,9500,9520,593,-0.04800000000000004
2021-05-26,9410,9790,9410,9790,51,0.028361344537815025
2021-05-27,9790,9800,9790,9800,125,0.0010214504596526286
2021-05-28,8700,11000,8700,10450,121,0.06632653061224492
2021-05-31,8900,9410,8900,9410,450,-0.09952153110047846
2021-06-01,9200,9200,9000,9200,166,-0.022316684378320906
2021-06-02,9200,9600,9200,9500,53,0.032608695652173836
2021-06-03,9800,10000,9500,9800,1070,0.03157894736842115
2021-06-04,9210,9600,8400,9600,288,-0.020408163265306145
2021-06-07,9800,9800,8830,9800,17,0.02083333333333326
2021-06-08,9600,9990,9290,9990,59,0.019387755102040716
2021-06-09,9600,9970,9400,9970,5,-0.002002002002001957
2021-06-10,9950,10000,9800,10000,58,0.0030090270812437314
2021-06-11,10000,11500,10000,11500,1214,0.1499999999999999
2021-06-14,9860,10500,9860,10500,5,-0.08695652173913049
2021-06-15,10500,10500,10450,10450,3,-0.004761904761904745
2021-06-16,10000,10450,10000,10450,2,0.0
2021-06-17,9200,9800,9200,9600,2774,-0.08133971291866027
2021-06-18,9600,10500,9500,10000,1437,0.04166666666666674
2021-06-21,9600,9600,9600,9600,2,-0.040000000000000036
2021-06-22,9600,10000,9600,9800,103,0.02083333333333326
2021-06-23,9600,9900,9600,9850,92,0.005102040816326481
2021-06-24,10000,10000,9800,9800,478,-0.005076142131979711
2021-06-25,9800,9800,9800,9800,60,0.0
2021-06-28,9800,9800,9400,9800,417,0.0
2021-06-29,9600,9600,9400,9600,223,-0.020408163265306145
2021-06-30,9400,9600,9400,9600,122,0.0
2021-07-01,9790,9790,9790,9790,1,0.019791666666666652
2021-07-02,8400,9200,8330,8800,404,-0.101123595505618
2021-07-05,9000,9400,8230,8230,2909,-0.06477272727272732
2021-07-06,8230,9450,8230,8500,125,0.03280680437424066
2021-07-07,8400,9770,8400,8400,84,-0.0117647058823529
2021-07-08,8300,9600,8300,9400,212,0.11904761904761907
2021-07-09,9600,10800,9600,10300,69,0.0957446808510638
2021-07-12,10150,10150,10150,10150,0,-0.014563106796116498
2021-07-13,10000,10000,10000,10000,0,-0.014778325123152691
2021-07-14,10000,10000,8500,8790,1456,-0.121
2021-07-15,8000,9000,8000,9000,432,0.023890784982935065
2021-07-16,8400,10000,8400,10000,21,0.11111111111111116
2021-07-19,9990,9990,9990,9990,1,-0.0010000000000000009
2021-07-20,9400,10000,8900,9980,122,-0.0010010010010009784
2021-07-21,10000,10000,9500,9500,1384,-0.04809619238476959
2021-07-22,9000,9790,9000,9160,81,-0.03578947368421048
2021-07-23,8810,9400,8810,9200,527,0.004366812227074135
2021-07-26,9400,10000,9400,9800,5,0.0652173913043479
2021-07-27,10000,10000,9400,9500,477,-0.030612244897959218
2021-07-28,9500,9800,9500,9800,501,0.03157894736842115
2021-07-29,9600,9600,9410,9600,347,-0.020408163265306145
2021-07-30,9800,9800,9610,9690,202,0.009374999999999911
2021-08-02,9980,9980,9980,9980,1,0.029927760577915352
2021-08-03,9620,9620,9310,9600,2112,-0.038076152304609256
2021-08-04,9400,9800,9310,9800,663,0.02083333333333326
2021-08-05,9610,9870,9610,9770,22,-0.003061224489795955
2021-08-06,9770,9770,9770,9770,100,0.0
2021-08-09,9870,9870,9710,9790,21,0.0020470829068577334
2021-08-10,9890,9890,9890,9890,195,0.010214504596527174
2021-08-11,9800,10000,9740,10000,68,0.011122345803842304
2021-08-12,10000,10000,9900,9900,111,-0.010000000000000009
2021-08-13,10000,10000,9740,9900,152,0.0
2021-08-17,9600,9800,9410,9410,1708,-0.04949494949494948
2021-08-18,9790,9790,9600,9790,46,0.040382571732199724
2021-08-19,9990,9990,9400,9790,1762,0.0
2021-08-20,9800,10000,9600,9880,2009,0.009193054136874323
2021-08-23,9890,9990,9600,9800,245,-0.0080971659919028
2021-08-24,10000,10000,9640,9890,67,0.009183673469387754
2021-08-25,9980,9980,9670,9980,708,0.009100101112234471
2021-08-26,10000,10000,9800,9900,1945,-0.008016032064128265
2021-08-27,9800,10000,9800,9980,418,0.008080808080808133
2021-08-30,9800,9970,9650,9970,221,-0.0010020040080159776
2021-08-31,9800,9950,9750,9950,113,-0.0020060180541624506
2021-09-01,9510,9950,9510,9950,218,0.0
2021-09-02,9900,9900,9800,9900,211,-0.005025125628140725
2021-09-03,9600,9900,9600,9900,3,0.0
2021-09-06,9850,9950,9850,9950,413,0.005050505050504972
2021-09-07,9620,9840,9620,9840,27,-0.011055276381909507
2021-09-08,9620,9950,9620,9940,12,0.010162601626016343
2021-09-09,9620,9940,9620,9940,2,0.0
2021-09-10,9900,9900,9900,9900,0,-0.004024144869215318
2021-09-13,9800,9800,9800,9800,0,-0.010101010101010055
2021-09-14,9650,9800,9630,9800,285,0.0
2021-09-15,9900,9900,9700,9900,68,0.010204081632652962
2021-09-16,9850,9900,9650,9880,113,-0.002020202020202033
2021-09-17,9900,9900,9900,9900,7,0.002024291497975783
2021-09-23,9870,9870,9700,9870,102,-0.00303030303030305
2021-09-24,9700,9850,9700,9850,45,-0.0020263424518743856
2021-09-27,9850,9850,9500,9800,1252,-0.005076142131979711
2021-09-28,9900,9970,9600,9970,2126,0.0173469387755103
2021-09-29,9610,9890,9610,9890,3,-0.008024072216649913
2021-09-30,9800,9880,9800,9880,257,-0.0010111223458038054
2021-10-01,9890,9890,9610,9890,302,0.0010121457489877805
